  0.01 +14.8000
  0.02 +14.8000
  0.03 +14.8000
  0.04 +14.8000
  0.05 +14.8000
  0.06 +14.8000
  0.07 +14.8000
  0.08 +14.8000
  0.09 +14.8000
  0.10 +14.8000
  0.11 +14.8000
  0.12 +14.8000
  0.13 +14.8000
  0.14 +14.8000
  0.15 +14.8000
  0.16 +14.8000
  0.17 +14.8000
  0.18 +14.8000
  0.19 +14.8000
  0.20 +14.8000
  0.21 +14.8000
  0.22 +14.8000
  0.23 +14.8000
  0.24 +14.8000
  0.25 +14.8000
  0.26 +14.8000
  0.27 +14.8000
  0.28 +14.8000
  0.29 +14.8000
  0.30 +14.8000
  0.31 +14.8000
  0.32 +14.8000
  0.33 +14.8000
  0.34 +14.8000
  0.35 +14.8000
  0.36 +14.8000
  0.37 +14.8000
  0.38 +14.8000
  0.39 +14.8000
  0.40 +14.8000
  0.41 +14.8000
  0.42 +14.8000
  0.43 +14.8000
  0.44 +14.8000
  0.45 +14.8000
  0.46 +14.8000
  0.47 +14.8000
  0.48 +14.8000
  0.49 +14.8000
  0.50 +14.8000
  0.51 +14.8000
  0.52 +14.8000
  0.53 +14.8000
  0.54 +14.8000
  0.55 +14.8000
  0.56 +14.8000
  0.57 +14.8000
  0.58 +14.8000
  0.59 +14.8000
  0.60 +14.8000
  0.61 +14.8000
  0.62 +14.8000
  0.63 +14.8000
  0.64 +14.8000
  0.65 +14.8000
  0.66 +14.8000
  0.67 +14.8000
  0.68 +14.8000
  0.69 +14.8000
  0.70 +14.8000
  0.71 +14.8000
  0.72 +14.8000
  0.73 +14.8000
  0.74 +14.8000
  0.75 +14.8000
  0.76 +14.8000
  0.77 +14.8000
  0.78 +14.8000
  0.79 +14.8000
  0.80 +14.8000
  0.81 +14.8000
  0.82 +14.8000
  0.83 +14.8000
  0.84 +14.8000
  0.85 +14.8000
  0.86 +14.8000
  0.87 +14.8000
  0.88 +14.8000
  0.89 +14.8000
  0.90 +14.8000
  0.91 +14.8000
  0.92 +14.8000
  0.93 +14.8000
  0.94 +14.8000
  0.95 +14.8000
  0.96 +14.8000
  0.97 +14.8000
  0.98 +14.8000
  0.99 +14.8000
  1.00 +14.8000
  1.01 +14.8000
  1.02 +14.8000
  1.03 +14.8000
  1.04 +14.8000
  1.05 +14.8000
  1.06 +14.8000
  1.07 +14.8000
  1.08 +14.8000
  1.09 +14.8000
  1.10 +14.8000
  1.11 +14.8000
  1.12 +14.8000
  1.13 +14.8000
  1.14 +14.8000
  1.15 +14.8000
  1.16 +14.8000
  1.17 +14.8000
  1.18 +14.8000
  1.19 +14.8000
  1.20 +14.8000
  1.21 +14.8000
  1.22 +14.8000
  1.23 +14.8000
  1.24 +14.8000
  1.25 +14.8000
  1.26 +14.8000
  1.27 +14.8000
  1.28 +14.8000
  1.29 +14.8000
  1.30 +14.8000
  1.31 +14.8000
  1.32 +14.8000
  1.33 +14.8000
  1.34 +14.8000
  1.35 +14.8000
  1.36 +14.8000
  1.37 +14.8000
  1.38 +14.8000
  1.39 +14.8000
  1.40 +14.8000
  1.41 +14.8000
  1.42 +14.8000
  1.43 +14.8000
  1.44 +14.8000
  1.45 +14.8000
  1.46 +14.8000
  1.47 +14.8000
  1.48 +14.8000
  1.49 +14.8000
  1.50 +14.8000
  1.51 +14.8000
  1.52 +14.8000
  1.53 +14.8000
  1.54 +14.7999
  1.55 +14.7999
  1.56 +14.7999
  1.57 +14.7999
  1.58 +14.7999
  1.59 +14.7999
  1.60 +14.7999
  1.61 +14.7999
  1.62 +14.7999
  1.63 +14.7999
  1.64 +14.7999
  1.65 +14.7999
  1.66 +14.7999
  1.67 +14.7999
  1.68 +14.7999
  1.69 +14.7999
  1.70 +14.7999
  1.71 +14.7999
  1.72 +14.7999
  1.73 +14.7999
  1.74 +14.7999
  1.75 +14.7998
  1.76 +14.7998
  1.77 +14.7998
  1.78 +14.7998
  1.79 +14.7998
  1.80 +14.7998
  1.81 +14.7998
  1.82 +14.7998
  1.83 +14.7998
  1.84 +14.7998
  1.85 +14.7998
  1.86 +14.7998
  1.87 +14.7998
  1.88 +14.7997
  1.89 +14.7997
  1.90 +14.7997
  1.91 +14.7997
  1.92 +14.7997
  1.93 +14.7997
  1.94 +14.7997
  1.95 +14.7997
  1.96 +14.7997
  1.97 +14.7997
  1.98 +14.7997
  1.99 +14.7996
  2.00 +14.7996
  2.01 +14.7996
  2.02 +14.7996
  2.03 +14.7996
  2.04 +14.7996
  2.05 +14.7996
  2.06 +14.7996
  2.07 +14.7996
  2.08 +14.7995
  2.09 +14.7995
  2.10 +14.7995
  2.11 +14.7995
  2.12 +14.7995
  2.13 +14.7995
  2.14 +14.7995
  2.15 +14.7994
  2.16 +14.7994
  2.17 +14.7994
  2.18 +14.7994
  2.19 +14.7994
  2.20 +14.7994
  2.21 +14.7994
  2.22 +14.7994
  2.23 +14.7993
  2.24 +14.7993
  2.25 +14.7993
  2.26 +14.7993
  2.27 +14.7993
  2.28 +14.7993
  2.29 +14.7992
  2.30 +14.7992
  2.31 +14.7992
  2.32 +14.7992
  2.33 +14.7992
  2.34 +14.7992
  2.35 +14.7991
  2.36 +14.7991
  2.37 +14.7991
  2.38 +14.7991
  2.39 +14.7991
  2.40 +14.7991
  2.41 +14.7990
  2.42 +14.7990
  2.43 +14.7990
  2.44 +14.7990
  2.45 +14.7990
  2.46 +14.7989
  2.47 +14.7989
  2.48 +14.7989
  2.49 +14.7989
  2.50 +14.7989
  2.51 +14.7988
  2.52 +14.7988
  2.53 +14.7988
  2.54 +14.7988
  2.55 +14.7988
  2.56 +14.7987
  2.57 +14.7987
  2.58 +14.7987
  2.59 +14.7987
  2.60 +14.7987
  2.61 +14.7986
  2.62 +14.7986
  2.63 +14.7986
  2.64 +14.7986
  2.65 +14.7986
  2.66 +14.7985
  2.67 +14.7985
  2.68 +14.7985
  2.69 +14.7985
  2.70 +14.7984
  2.71 +14.7984
  2.72 +14.7984
  2.73 +14.7984
  2.74 +14.7983
  2.75 +14.7983
  2.76 +14.7983
  2.77 +14.7983
  2.78 +14.7982
  2.79 +14.7982
  2.80 +14.7982
  2.81 +14.7982
  2.82 +14.7981
  2.83 +14.7981
  2.84 +14.7981
  2.85 +14.7981
  2.86 +14.7980
  2.87 +14.7980
  2.88 +14.7980
  2.89 +14.7980
  2.90 +14.7979
  2.91 +14.7979
  2.92 +14.7979
  2.93 +14.7979
  2.94 +14.7978
  2.95 +14.7978
  2.96 +14.7978
  2.97 +14.7977
  2.98 +14.7977
  2.99 +14.7977
  3.00 +14.7976
  3.01 +14.7976
  3.02 +14.7976
  3.03 +14.7976
  3.04 +14.7975
  3.05 +14.7975
  3.06 +14.7975
  3.07 +14.7974
  3.08 +14.7974
  3.09 +14.7974
  3.10 +14.7973
  3.11 +14.7973
  3.12 +14.7973
  3.13 +14.7972
  3.14 +14.7972
  3.15 +14.7972
  3.16 +14.7971
  3.17 +14.7971
  3.18 +14.7971
  3.19 +14.7970
  3.20 +14.7970
  3.21 +14.7969
  3.22 +14.7969
  3.23 +14.7969
  3.24 +14.7968
  3.25 +14.7968
  3.26 +14.7968
  3.27 +14.7967
  3.28 +14.7967
  3.29 +14.7966
  3.30 +14.7966
  3.31 +14.7966
  3.32 +14.7965
  3.33 +14.7965
  3.34 +14.7964
  3.35 +14.7964
  3.36 +14.7964
  3.37 +14.7963
  3.38 +14.7963
  3.39 +14.7962
  3.40 +14.7962
  3.41 +14.7961
  3.42 +14.7961
  3.43 +14.7960
  3.44 +14.7960
  3.45 +14.7960
  3.46 +14.7959
  3.47 +14.7959
  3.48 +14.7958
  3.49 +14.7958
  3.50 +14.7957
  3.51 +14.7957
  3.52 +14.7956
  3.53 +14.7956
  3.54 +14.7955
  3.55 +14.7955
  3.56 +14.7954
  3.57 +14.7954
  3.58 +14.7953
  3.59 +14.7953
  3.60 +14.7952
  3.61 +14.7952
  3.62 +14.7951
  3.63 +14.7951
  3.64 +14.7950
  3.65 +14.7950
  3.66 +14.7949
  3.67 +14.7949
  3.68 +14.7948
  3.69 +14.7948
  3.70 +14.7947
  3.71 +14.7946
  3.72 +14.7946
  3.73 +14.7945
  3.74 +14.7945
  3.75 +14.7944
  3.76 +14.7944
  3.77 +14.7943
  3.78 +14.7943
  3.79 +14.7942
  3.80 +14.7941
  3.81 +14.7941
  3.82 +14.7940
  3.83 +14.7940
  3.84 +14.7939
  3.85 +14.7938
  3.86 +14.7938
  3.87 +14.7937
  3.88 +14.7937
  3.89 +14.7936
  3.90 +14.7935
  3.91 +14.7935
  3.92 +14.7934
  3.93 +14.7933
  3.94 +14.7933
  3.95 +14.7932
  3.96 +14.7931
  3.97 +14.7931
  3.98 +14.7930
  3.99 +14.7929
  4.00 +14.7929
  4.01 +14.7928
  4.02 +14.7927
  4.03 +14.7927
  4.04 +14.7926
  4.05 +14.7925
  4.06 +14.7925
  4.07 +14.7924
  4.08 +14.7923
  4.09 +14.7923
  4.10 +14.7922
  4.11 +14.7921
  4.12 +14.7920
  4.13 +14.7920
  4.14 +14.7919
  4.15 +14.7918
  4.16 +14.7918
  4.17 +14.7917
  4.18 +14.7916
  4.19 +14.7915
  4.20 +14.7915
  4.21 +14.7914
  4.22 +14.7913
  4.23 +14.7912
  4.24 +14.7911
  4.25 +14.7911
  4.26 +14.7910
  4.27 +14.7909
  4.28 +14.7908
  4.29 +14.7907
  4.30 +14.7907
  4.31 +14.7906
  4.32 +14.7905
  4.33 +14.7904
  4.34 +14.7903
  4.35 +14.7902
  4.36 +14.7902
  4.37 +14.7901
  4.38 +14.7900
