  0.10 +14.8000
  0.20 +14.8000
  0.30 +14.8000
  0.40 +14.8000
  0.50 +14.8000
  0.60 +14.8000
  0.70 +14.8000
  0.80 +14.8000
  0.90 +14.8000
  1.00 +14.8000
  1.10 +14.8000
  1.20 +14.8000
  1.30 +14.8000
  1.40 +14.8000
  1.50 +14.8000
  1.60 +14.8000
  1.70 +14.8000
  1.80 +14.8000
  1.90 +14.8000
  2.00 +14.7999
  2.10 +14.7999
  2.20 +14.7999
  2.30 +14.7998
  2.40 +14.7997
  2.50 +14.7996
  2.60 +14.7995
  2.70 +14.7993
  2.80 +14.7991
  2.90 +14.7989
  3.00 +14.7986
  3.10 +14.7983
  3.20 +14.7979
  3.30 +14.7974
  3.40 +14.7968
  3.50 +14.7962
  3.60 +14.7955
  3.70 +14.7946
  3.80 +14.7937
  3.90 +14.7926
