  0.10 +14.8000
  0.20 +14.8000
  0.30 +14.8000
  0.40 +14.8000
  0.50 +14.7999
  0.60 +14.7999
  0.70 +14.7999
  0.80 +14.7999
  0.90 +14.7998
  1.00 +14.7998
  1.10 +14.7998
  1.20 +14.7997
  1.30 +14.7996
  1.40 +14.7995
  1.50 +14.7993
  1.60 +14.7991
  1.70 +14.7989
  1.80 +14.7986
  1.90 +14.7984
  2.00 +14.7982
  2.10 +14.7980
  2.20 +14.7977
  2.30 +14.7974
  2.40 +14.7970
  2.50 +14.7965
  2.60 +14.7959
  2.70 +14.7952
  2.80 +14.7945
  2.90 +14.7938
  3.00 +14.7931
  3.10 +14.7926
  3.20 +14.7920
  3.30 +14.7912
  3.40 +14.7904
  3.50 +14.7893
  3.60 +14.7880
  3.70 +14.7866
  3.80 +14.7852
  3.90 +14.7838
  4.00 +14.7827
  4.10 +14.7816
  4.20 +14.7805
  4.30 +14.7793
  4.40 +14.7779
  4.50 +14.7762
  4.60 +14.7743
  4.70 +14.7722
  4.80 +14.7700
  4.90 +14.7681
  5.00 +14.7664
