  0.10 +14.8000 +16.8000
  0.20 +14.8000 +16.8000
  0.30 +14.8000 +16.8000
  0.40 +14.8000 +16.8000
  0.50 +14.8000 +16.8000
  0.60 +14.8000 +16.8000
  0.70 +14.8000 +16.8000
  0.80 +14.8000 +16.8000
  0.90 +14.8000 +16.8000
  1.00 +14.8000 +16.8000
  1.10 +14.8000 +16.8000
  1.20 +14.8000 +16.8000
  1.30 +14.8000 +16.8000
  1.40 +14.8000 +16.8000
  1.50 +14.8000 +16.8000
  1.60 +14.8000 +16.8000
  1.70 +14.8000 +16.8000
  1.80 +14.8000 +16.8000
  1.90 +14.8000 +16.8000
  2.00 +14.7999 +16.7999
  2.10 +14.7999 +16.7999
  2.20 +14.7999 +16.7999
  2.30 +14.7998 +16.7998
  2.40 +14.7997 +16.7997
  2.50 +14.7996 +16.7996
  2.60 +14.7995 +16.7995
  2.70 +14.7993 +16.7993
  2.80 +14.7991 +16.7991
  2.90 +14.7989 +16.7989
  3.00 +14.7986 +16.7986
  3.10 +14.7983 +16.7983
  3.20 +14.7979 +16.7978
  3.30 +14.7974 +16.7974
  3.40 +14.7968 +16.7968
  3.50 +14.7962 +16.7961
  3.60 +14.7955 +16.7954
  3.70 +14.7946 +16.7945
  3.80 +14.7937 +16.7936
  3.90 +14.7926 +16.7924
