  0.01 +14.8000 +16.8000
  0.02 +14.8000 +16.8000
  0.03 +14.8000 +16.8000
  0.04 +14.8000 +16.8000
  0.05 +14.8000 +16.8000
  0.06 +14.8000 +16.8000
  0.07 +14.8000 +16.8000
  0.08 +14.8000 +16.8000
  0.09 +14.8000 +16.8000
  0.10 +14.8000 +16.8000
  0.11 +14.8000 +16.8000
  0.12 +14.8000 +16.8000
  0.13 +14.8000 +16.8000
  0.14 +14.8000 +16.8000
  0.15 +14.8000 +16.8000
  0.16 +14.8000 +16.8000
  0.17 +14.8000 +16.8000
  0.18 +14.8000 +16.8000
  0.19 +14.8000 +16.8000
  0.20 +14.8000 +16.8000
  0.21 +14.8000 +16.8000
  0.22 +14.8000 +16.8000
  0.23 +14.8000 +16.8000
  0.24 +14.8000 +16.8000
  0.25 +14.8000 +16.8000
  0.26 +14.8000 +16.8000
  0.27 +14.8000 +16.8000
  0.28 +14.8000 +16.8000
  0.29 +14.8000 +16.8000
  0.30 +14.8000 +16.8000
  0.31 +14.8000 +16.8000
  0.32 +14.8000 +16.8000
  0.33 +14.8000 +16.8000
  0.34 +14.8000 +16.8000
  0.35 +14.8000 +16.8000
  0.36 +14.8000 +16.8000
  0.37 +14.8000 +16.8000
  0.38 +14.8000 +16.8000
  0.39 +14.8000 +16.8000
  0.40 +14.8000 +16.8000
  0.41 +14.8000 +16.8000
  0.42 +14.8000 +16.8000
  0.43 +14.8000 +16.8000
  0.44 +14.8000 +16.8000
  0.45 +14.8000 +16.8000
  0.46 +14.8000 +16.8000
  0.47 +14.8000 +16.8000
  0.48 +14.8000 +16.8000
  0.49 +14.8000 +16.8000
  0.50 +14.8000 +16.8000
  0.51 +14.8000 +16.8000
  0.52 +14.8000 +16.8000
  0.53 +14.8000 +16.8000
  0.54 +14.8000 +16.8000
  0.55 +14.8000 +16.8000
  0.56 +14.8000 +16.8000
  0.57 +14.8000 +16.8000
  0.58 +14.8000 +16.8000
  0.59 +14.8000 +16.8000
  0.60 +14.8000 +16.8000
  0.61 +14.8000 +16.8000
  0.62 +14.8000 +16.8000
  0.63 +14.8000 +16.8000
  0.64 +14.8000 +16.8000
  0.65 +14.7999 +16.7999
  0.66 +14.7999 +16.7999
  0.67 +14.7999 +16.7999
  0.68 +14.7999 +16.7999
  0.69 +14.7999 +16.7999
  0.70 +14.7999 +16.7999
  0.71 +14.7999 +16.7999
  0.72 +14.7999 +16.7999
  0.73 +14.7999 +16.7999
  0.74 +14.7999 +16.7999
  0.75 +14.7999 +16.7999
  0.76 +14.7999 +16.7999
  0.77 +14.7999 +16.7999
  0.78 +14.7999 +16.7999
  0.79 +14.7999 +16.7999
  0.80 +14.7999 +16.7999
  0.81 +14.7998 +16.7998
  0.82 +14.7998 +16.7998
  0.83 +14.7998 +16.7998
  0.84 +14.7998 +16.7998
  0.85 +14.7998 +16.7998
  0.86 +14.7998 +16.7998
  0.87 +14.7998 +16.7998
  0.88 +14.7998 +16.7998
  0.89 +14.7998 +16.7998
  0.90 +14.7998 +16.7998
  0.91 +14.7998 +16.7998
  0.92 +14.7998 +16.7998
  0.93 +14.7998 +16.7998
  0.94 +14.7998 +16.7998
  0.95 +14.7998 +16.7998
  0.96 +14.7998 +16.7998
  0.97 +14.7997 +16.7997
  0.98 +14.7997 +16.7997
  0.99 +14.7997 +16.7997
  1.00 +14.7997 +16.7997
  1.01 +14.7997 +16.7997
  1.02 +14.7997 +16.7997
  1.03 +14.7997 +16.7997
  1.04 +14.7997 +16.7997
  1.05 +14.7997 +16.7997
  1.06 +14.7997 +16.7997
  1.07 +14.7997 +16.7997
  1.08 +14.7997 +16.7997
  1.09 +14.7997 +16.7997
  1.10 +14.7997 +16.7997
  1.11 +14.7997 +16.7997
  1.12 +14.7997 +16.7997
  1.13 +14.7996 +16.7996
  1.14 +14.7996 +16.7996
  1.15 +14.7996 +16.7996
  1.16 +14.7996 +16.7996
  1.17 +14.7996 +16.7996
  1.18 +14.7996 +16.7996
  1.19 +14.7996 +16.7996
  1.20 +14.7996 +16.7996
  1.21 +14.7996 +16.7996
  1.22 +14.7996 +16.7996
  1.23 +14.7996 +16.7996
  1.24 +14.7996 +16.7996
  1.25 +14.7996 +16.7996
  1.26 +14.7996 +16.7996
  1.27 +14.7996 +16.7996
  1.28 +14.7996 +16.7996
  1.29 +14.7995 +16.7995
  1.30 +14.7995 +16.7995
  1.31 +14.7995 +16.7995
  1.32 +14.7995 +16.7995
  1.33 +14.7995 +16.7995
  1.34 +14.7995 +16.7995
  1.35 +14.7995 +16.7995
  1.36 +14.7995 +16.7995
  1.37 +14.7995 +16.7995
  1.38 +14.7995 +16.7995
  1.39 +14.7995 +16.7995
  1.40 +14.7995 +16.7995
  1.41 +14.7995 +16.7995
  1.42 +14.7995 +16.7995
  1.43 +14.7995 +16.7995
  1.44 +14.7995 +16.7995
  1.45 +14.7994 +16.7994
  1.46 +14.7994 +16.7994
  1.47 +14.7994 +16.7994
  1.48 +14.7994 +16.7994
  1.49 +14.7994 +16.7994
  1.50 +14.7994 +16.7994
  1.51 +14.7994 +16.7994
  1.52 +14.7994 +16.7994
  1.53 +14.7994 +16.7994
  1.54 +14.7994 +16.7994
  1.55 +14.7994 +16.7994
  1.56 +14.7994 +16.7994
  1.57 +14.7994 +16.7994
  1.58 +14.7994 +16.7994
  1.59 +14.7994 +16.7994
  1.60 +14.7994 +16.7994
  1.61 +14.7993 +16.7993
  1.62 +14.7993 +16.7993
  1.63 +14.7993 +16.7993
  1.64 +14.7993 +16.7993
  1.65 +14.7993 +16.7993
  1.66 +14.7993 +16.7993
  1.67 +14.7993 +16.7993
  1.68 +14.7993 +16.7993
  1.69 +14.7993 +16.7993
  1.70 +14.7993 +16.7993
  1.71 +14.7993 +16.7993
  1.72 +14.7993 +16.7993
  1.73 +14.7993 +16.7993
  1.74 +14.7993 +16.7993
  1.75 +14.7993 +16.7993
  1.76 +14.7993 +16.7993
  1.77 +14.7992 +16.7992
  1.78 +14.7992 +16.7992
  1.79 +14.7992 +16.7992
  1.80 +14.7992 +16.7992
  1.81 +14.7992 +16.7992
  1.82 +14.7992 +16.7992
  1.83 +14.7992 +16.7992
  1.84 +14.7992 +16.7992
  1.85 +14.7992 +16.7992
  1.86 +14.7992 +16.7992
  1.87 +14.7992 +16.7992
  1.88 +14.7992 +16.7992
  1.89 +14.7992 +16.7992
  1.90 +14.7992 +16.7992
  1.91 +14.7992 +16.7992
  1.92 +14.7992 +16.7992
  1.93 +14.7991 +16.7991
  1.94 +14.7991 +16.7991
  1.95 +14.7991 +16.7991
  1.96 +14.7991 +16.7991
  1.97 +14.7991 +16.7991
  1.98 +14.7991 +16.7991
  1.99 +14.7991 +16.7991
  2.00 +14.7991 +16.7991
  2.01 +14.7991 +16.7991
  2.02 +14.7991 +16.7991
  2.03 +14.7991 +16.7991
  2.04 +14.7991 +16.7991
  2.05 +14.7991 +16.7991
  2.06 +14.7991 +16.7991
  2.07 +14.7991 +16.7991
  2.08 +14.7991 +16.7991
  2.09 +14.7990 +16.7990
  2.10 +14.7990 +16.7990
  2.11 +14.7990 +16.7990
  2.12 +14.7990 +16.7990
  2.13 +14.7990 +16.7990
  2.14 +14.7990 +16.7990
  2.15 +14.7990 +16.7990
  2.16 +14.7990 +16.7990
  2.17 +14.7990 +16.7990
  2.18 +14.7990 +16.7990
  2.19 +14.7990 +16.7990
  2.20 +14.7990 +16.7990
  2.21 +14.7990 +16.7990
  2.22 +14.7990 +16.7990
  2.23 +14.7990 +16.7990
  2.24 +14.7989 +16.7989
  2.25 +14.7989 +16.7989
  2.26 +14.7989 +16.7989
  2.27 +14.7989 +16.7989
  2.28 +14.7989 +16.7989
  2.29 +14.7989 +16.7989
  2.30 +14.7989 +16.7989
  2.31 +14.7989 +16.7989
  2.32 +14.7989 +16.7989
  2.33 +14.7989 +16.7989
  2.34 +14.7989 +16.7989
  2.35 +14.7989 +16.7989
  2.36 +14.7989 +16.7989
  2.37 +14.7989 +16.7989
  2.38 +14.7989 +16.7989
  2.39 +14.7989 +16.7989
  2.40 +14.7988 +16.7988
  2.41 +14.7988 +16.7988
  2.42 +14.7988 +16.7988
  2.43 +14.7988 +16.7988
  2.44 +14.7988 +16.7988
  2.45 +14.7988 +16.7988
  2.46 +14.7988 +16.7988
  2.47 +14.7988 +16.7988
  2.48 +14.7988 +16.7988
  2.49 +14.7988 +16.7988
  2.50 +14.7988 +16.7988
  2.51 +14.7988 +16.7988
  2.52 +14.7988 +16.7988
  2.53 +14.7988 +16.7988
  2.54 +14.7987 +16.7987
  2.55 +14.7987 +16.7987
  2.56 +14.7987 +16.7987
  2.57 +14.7987 +16.7987
  2.58 +14.7987 +16.7987
  2.59 +14.7987 +16.7987
  2.60 +14.7987 +16.7987
  2.61 +14.7987 +16.7987
  2.62 +14.7987 +16.7987
  2.63 +14.7987 +16.7987
  2.64 +14.7987 +16.7987
  2.65 +14.7987 +16.7987
  2.66 +14.7987 +16.7987
  2.67 +14.7987 +16.7987
  2.68 +14.7987 +16.7987
  2.69 +14.7986 +16.7986
  2.70 +14.7986 +16.7986
  2.71 +14.7986 +16.7986
  2.72 +14.7986 +16.7986
  2.73 +14.7986 +16.7986
  2.74 +14.7986 +16.7986
  2.75 +14.7986 +16.7986
  2.76 +14.7986 +16.7986
  2.77 +14.7986 +16.7986
  2.78 +14.7986 +16.7986
  2.79 +14.7986 +16.7986
  2.80 +14.7986 +16.7986
  2.81 +14.7986 +16.7986
  2.82 +14.7986 +16.7986
  2.83 +14.7985 +16.7985
  2.84 +14.7985 +16.7985
  2.85 +14.7985 +16.7985
  2.86 +14.7985 +16.7985
  2.87 +14.7985 +16.7985
  2.88 +14.7985 +16.7985
  2.89 +14.7985 +16.7985
  2.90 +14.7985 +16.7985
  2.91 +14.7985 +16.7985
  2.92 +14.7985 +16.7985
  2.93 +14.7985 +16.7985
  2.94 +14.7985 +16.7985
  2.95 +14.7985 +16.7985
  2.96 +14.7985 +16.7985
  2.97 +14.7984 +16.7984
  2.98 +14.7984 +16.7984
  2.99 +14.7984 +16.7984
  3.00 +14.7984 +16.7984
  3.01 +14.7984 +16.7984
  3.02 +14.7984 +16.7984
  3.03 +14.7984 +16.7984
  3.04 +14.7984 +16.7984
  3.05 +14.7984 +16.7984
  3.06 +14.7984 +16.7984
  3.07 +14.7984 +16.7984
  3.08 +14.7984 +16.7984
  3.09 +14.7984 +16.7984
  3.10 +14.7983 +16.7983
  3.11 +14.7983 +16.7983
  3.12 +14.7983 +16.7983
  3.13 +14.7983 +16.7983
  3.14 +14.7983 +16.7983
  3.15 +14.7983 +16.7983
  3.16 +14.7983 +16.7983
  3.17 +14.7983 +16.7983
  3.18 +14.7983 +16.7983
  3.19 +14.7983 +16.7983
  3.20 +14.7983 +16.7983
  3.21 +14.7983 +16.7983
  3.22 +14.7983 +16.7983
  3.23 +14.7982 +16.7982
  3.24 +14.7982 +16.7982
  3.25 +14.7982 +16.7982
  3.26 +14.7982 +16.7982
  3.27 +14.7982 +16.7982
  3.28 +14.7982 +16.7982
  3.29 +14.7982 +16.7982
  3.30 +14.7982 +16.7982
  3.31 +14.7982 +16.7982
  3.32 +14.7982 +16.7982
  3.33 +14.7982 +16.7982
  3.34 +14.7982 +16.7982
  3.35 +14.7981 +16.7981
  3.36 +14.7981 +16.7981
  3.37 +14.7981 +16.7981
  3.38 +14.7981 +16.7981
  3.39 +14.7981 +16.7981
  3.40 +14.7981 +16.7981
  3.41 +14.7981 +16.7981
  3.42 +14.7981 +16.7981
  3.43 +14.7981 +16.7981
  3.44 +14.7981 +16.7981
  3.45 +14.7981 +16.7981
  3.46 +14.7981 +16.7981
  3.47 +14.7980 +16.7980
  3.48 +14.7980 +16.7980
  3.49 +14.7980 +16.7980
  3.50 +14.7980 +16.7980
  3.51 +14.7980 +16.7980
  3.52 +14.7980 +16.7980
  3.53 +14.7980 +16.7980
  3.54 +14.7980 +16.7980
  3.55 +14.7980 +16.7980
  3.56 +14.7980 +16.7980
  3.57 +14.7980 +16.7980
  3.58 +14.7979 +16.7979
  3.59 +14.7979 +16.7979
  3.60 +14.7979 +16.7979
  3.61 +14.7979 +16.7979
  3.62 +14.7979 +16.7979
  3.63 +14.7979 +16.7979
  3.64 +14.7979 +16.7979
  3.65 +14.7979 +16.7979
  3.66 +14.7979 +16.7979
  3.67 +14.7979 +16.7979
  3.68 +14.7979 +16.7979
  3.69 +14.7978 +16.7978
  3.70 +14.7978 +16.7978
  3.71 +14.7978 +16.7978
  3.72 +14.7978 +16.7978
  3.73 +14.7978 +16.7978
  3.74 +14.7978 +16.7978
  3.75 +14.7978 +16.7978
  3.76 +14.7978 +16.7978
  3.77 +14.7978 +16.7978
  3.78 +14.7978 +16.7978
  3.79 +14.7977 +16.7977
  3.80 +14.7977 +16.7977
  3.81 +14.7977 +16.7977
  3.82 +14.7977 +16.7977
  3.83 +14.7977 +16.7977
  3.84 +14.7977 +16.7977
  3.85 +14.7977 +16.7977
  3.86 +14.7977 +16.7977
  3.87 +14.7977 +16.7977
  3.88 +14.7977 +16.7977
  3.89 +14.7977 +16.7977
  3.90 +14.7976 +16.7976
  3.91 +14.7976 +16.7976
  3.92 +14.7976 +16.7976
  3.93 +14.7976 +16.7976
  3.94 +14.7976 +16.7976
  3.95 +14.7976 +16.7976
  3.96 +14.7976 +16.7976
  3.97 +14.7976 +16.7976
  3.98 +14.7976 +16.7976
  3.99 +14.7975 +16.7975
  4.00 +14.7975 +16.7975
  4.01 +14.7975 +16.7975
  4.02 +14.7975 +16.7975
  4.03 +14.7975 +16.7975
  4.04 +14.7975 +16.7975
  4.05 +14.7975 +16.7975
  4.06 +14.7975 +16.7975
  4.07 +14.7975 +16.7975
  4.08 +14.7975 +16.7975
  4.09 +14.7974 +16.7974
  4.10 +14.7974 +16.7974
  4.11 +14.7974 +16.7974
  4.12 +14.7974 +16.7974
  4.13 +14.7974 +16.7974
  4.14 +14.7974 +16.7974
  4.15 +14.7974 +16.7974
  4.16 +14.7974 +16.7974
  4.17 +14.7974 +16.7974
  4.18 +14.7973 +16.7973
  4.19 +14.7973 +16.7973
  4.20 +14.7973 +16.7973
  4.21 +14.7973 +16.7973
  4.22 +14.7973 +16.7973
  4.23 +14.7973 +16.7973
  4.24 +14.7973 +16.7973
  4.25 +14.7973 +16.7973
  4.26 +14.7973 +16.7973
  4.27 +14.7972 +16.7972
  4.28 +14.7972 +16.7972
  4.29 +14.7972 +16.7972
  4.30 +14.7972 +16.7972
  4.31 +14.7972 +16.7972
  4.32 +14.7972 +16.7972
  4.33 +14.7972 +16.7972
  4.34 +14.7972 +16.7972
  4.35 +14.7971 +16.7971
  4.36 +14.7971 +16.7971
  4.37 +14.7971 +16.7971
  4.38 +14.7971 +16.7971
  4.39 +14.7971 +16.7971
  4.40 +14.7971 +16.7971
  4.41 +14.7971 +16.7971
  4.42 +14.7971 +16.7971
  4.43 +14.7970 +16.7970
  4.44 +14.7970 +16.7970
  4.45 +14.7970 +16.7970
  4.46 +14.7970 +16.7970
  4.47 +14.7970 +16.7970
  4.48 +14.7970 +16.7970
  4.49 +14.7970 +16.7970
  4.50 +14.7970 +16.7970
  4.51 +14.7969 +16.7969
  4.52 +14.7969 +16.7969
  4.53 +14.7969 +16.7969
  4.54 +14.7969 +16.7969
  4.55 +14.7969 +16.7969
  4.56 +14.7969 +16.7969
  4.57 +14.7969 +16.7969
  4.58 +14.7968 +16.7968
  4.59 +14.7968 +16.7968
  4.60 +14.7968 +16.7968
  4.61 +14.7968 +16.7968
  4.62 +14.7968 +16.7968
  4.63 +14.7968 +16.7968
  4.64 +14.7968 +16.7968
  4.65 +14.7967 +16.7967
  4.66 +14.7967 +16.7967
  4.67 +14.7967 +16.7967
  4.68 +14.7967 +16.7967
  4.69 +14.7967 +16.7967
  4.70 +14.7967 +16.7967
  4.71 +14.7967 +16.7967
  4.72 +14.7966 +16.7966
  4.73 +14.7966 +16.7966
  4.74 +14.7966 +16.7966
  4.75 +14.7966 +16.7966
  4.76 +14.7966 +16.7966
  4.77 +14.7966 +16.7966
  4.78 +14.7966 +16.7966
  4.79 +14.7965 +16.7965
  4.80 +14.7965 +16.7965
  4.81 +14.7965 +16.7965
  4.82 +14.7965 +16.7965
  4.83 +14.7965 +16.7965
  4.84 +14.7965 +16.7965
  4.85 +14.7965 +16.7965
  4.86 +14.7964 +16.7964
  4.87 +14.7964 +16.7964
  4.88 +14.7964 +16.7964
  4.89 +14.7964 +16.7964
  4.90 +14.7964 +16.7964
  4.91 +14.7964 +16.7964
  4.92 +14.7963 +16.7963
  4.93 +14.7963 +16.7963
  4.94 +14.7963 +16.7963
  4.95 +14.7963 +16.7963
  4.96 +14.7963 +16.7963
  4.97 +14.7963 +16.7963
  4.98 +14.7962 +16.7962
  4.99 +14.7962 +16.7962
  5.00 +14.7962 +16.7962
