  0.10 +14.8000 +16.8000
  0.20 +14.8000 +16.8000
  0.30 +14.8000 +16.8000
  0.40 +14.8000 +16.8000
  0.50 +14.8000 +16.8000
  0.60 +14.8000 +16.8000
  0.70 +14.8000 +16.8000
  0.80 +14.8000 +16.8000
  0.90 +14.8000 +16.8000
  1.00 +14.8000 +16.8000
  1.10 +14.8000 +16.8000
  1.20 +14.8000 +16.8000
  1.30 +14.8000 +16.8000
  1.40 +14.8000 +16.8000
  1.50 +14.8000 +16.8000
  1.60 +14.8000 +16.8000
  1.70 +14.8000 +16.8000
  1.80 +14.8000 +16.8000
  1.90 +14.8000 +16.8000
  2.00 +14.8000 +16.8000
  2.10 +14.8000 +16.8000
  2.20 +14.8000 +16.8000
  2.30 +14.8000 +16.8000
  2.40 +14.8000 +16.8000
  2.50 +14.7999 +16.7999
  2.60 +14.7999 +16.7999
  2.70 +14.7999 +16.7999
  2.80 +14.7999 +16.7999
  2.90 +14.7999 +16.7999
  3.00 +14.7999 +16.7999
  3.10 +14.7998 +16.7998
  3.20 +14.7998 +16.7998
  3.30 +14.7998 +16.7998
  3.40 +14.7998 +16.7998
  3.50 +14.7997 +16.7997
  3.60 +14.7997 +16.7997
  3.70 +14.7996 +16.7996
  3.80 +14.7996 +16.7996
  3.90 +14.7995 +16.7995
  4.00 +14.7995 +16.7995
  4.10 +14.7994 +16.7994
  4.20 +14.7993 +16.7993
  4.30 +14.7993 +16.7993
  4.40 +14.7992 +16.7992
  4.50 +14.7991 +16.7991
  4.60 +14.7990 +16.7990
  4.70 +14.7989 +16.7989
  4.80 +14.7988 +16.7988
  4.90 +14.7986 +16.7986
  5.00 +14.7985 +16.7985
