  0.01 +16.8000
  0.02 +16.8000
  0.03 +16.8000
  0.04 +16.8000
  0.05 +16.8000
  0.06 +16.8000
  0.07 +16.8000
  0.08 +16.8000
  0.09 +16.8000
  0.10 +16.8000
  0.11 +16.8000
  0.12 +16.8000
  0.13 +16.8000
  0.14 +16.8000
  0.15 +16.8000
  0.16 +16.8000
  0.17 +16.8000
  0.18 +16.8000
  0.19 +16.8000
  0.20 +16.8000
  0.21 +16.8000
  0.22 +16.8000
  0.23 +16.8000
  0.24 +16.8000
  0.25 +16.8000
  0.26 +16.8000
  0.27 +16.8000
  0.28 +16.8000
  0.29 +16.8000
  0.30 +16.8000
  0.31 +16.8000
  0.32 +16.8000
  0.33 +16.8000
  0.34 +16.8000
  0.35 +16.8000
  0.36 +16.8000
  0.37 +16.8000
  0.38 +16.8000
  0.39 +16.8000
  0.40 +16.8000
  0.41 +16.8000
  0.42 +16.8000
  0.43 +16.8000
  0.44 +16.8000
  0.45 +16.8000
  0.46 +16.8000
  0.47 +16.8000
  0.48 +16.8000
  0.49 +16.8000
  0.50 +16.8000
  0.51 +16.8000
  0.52 +16.8000
  0.53 +16.8000
  0.54 +16.8000
  0.55 +16.8000
  0.56 +16.8000
  0.57 +16.8000
  0.58 +16.8000
  0.59 +16.8000
  0.60 +16.8000
  0.61 +16.8000
  0.62 +16.8000
  0.63 +16.8000
  0.64 +16.8000
  0.65 +16.8000
  0.66 +16.8000
  0.67 +16.8000
  0.68 +16.8000
  0.69 +16.8000
  0.70 +16.8000
  0.71 +16.8000
  0.72 +16.8000
  0.73 +16.8000
  0.74 +16.8000
  0.75 +16.8000
  0.76 +16.8000
  0.77 +16.8000
  0.78 +16.8000
  0.79 +16.8000
  0.80 +16.8000
  0.81 +16.8000
  0.82 +16.8000
  0.83 +16.8000
  0.84 +16.8000
  0.85 +16.8000
  0.86 +16.8000
  0.87 +16.8000
  0.88 +16.8000
  0.89 +16.8000
  0.90 +16.8000
  0.91 +16.8000
  0.92 +16.8000
  0.93 +16.8000
  0.94 +16.8000
  0.95 +16.8000
  0.96 +16.8000
  0.97 +16.8000
  0.98 +16.8000
  0.99 +16.8000
  1.00 +16.8000
  1.01 +16.8000
  1.02 +16.8000
  1.03 +16.8000
  1.04 +16.8000
  1.05 +16.8000
  1.06 +16.8000
  1.07 +16.8000
  1.08 +16.8000
  1.09 +16.8000
  1.10 +16.8000
  1.11 +16.8000
  1.12 +16.8000
  1.13 +16.8000
  1.14 +16.8000
  1.15 +16.8000
  1.16 +16.8000
  1.17 +16.8000
  1.18 +16.8000
  1.19 +16.8000
  1.20 +16.8000
  1.21 +16.8000
  1.22 +16.8000
  1.23 +16.8000
  1.24 +16.8000
  1.25 +16.8000
  1.26 +16.8000
  1.27 +16.8000
  1.28 +16.8000
  1.29 +16.8000
  1.30 +16.8000
  1.31 +16.8000
  1.32 +16.8000
  1.33 +16.8000
  1.34 +16.8000
  1.35 +16.8000
  1.36 +16.8000
  1.37 +16.8000
  1.38 +16.8000
  1.39 +16.8000
  1.40 +16.8000
  1.41 +16.8000
  1.42 +16.8000
  1.43 +16.8000
  1.44 +16.8000
  1.45 +16.8000
  1.46 +16.8000
  1.47 +16.8000
  1.48 +16.8000
  1.49 +16.8000
  1.50 +16.8000
  1.51 +16.8000
  1.52 +16.8000
  1.53 +16.8000
  1.54 +16.8000
  1.55 +16.8000
  1.56 +16.8000
  1.57 +16.8000
  1.58 +16.8000
  1.59 +16.8000
  1.60 +16.8000
  1.61 +16.8000
  1.62 +16.8000
  1.63 +16.8000
  1.64 +16.8000
  1.65 +16.8000
  1.66 +16.8000
  1.67 +16.8000
  1.68 +16.8000
  1.69 +16.8000
  1.70 +16.8000
  1.71 +16.8000
  1.72 +16.8000
  1.73 +16.8000
  1.74 +16.8000
  1.75 +16.8000
  1.76 +16.8000
  1.77 +16.8000
  1.78 +16.8000
  1.79 +16.8000
  1.80 +16.8000
  1.81 +16.8000
  1.82 +16.8000
  1.83 +16.8000
  1.84 +16.8000
  1.85 +16.8000
  1.86 +16.8000
  1.87 +16.8000
  1.88 +16.8000
  1.89 +16.8000
  1.90 +16.8000
  1.91 +16.8000
  1.92 +16.8000
  1.93 +16.8000
  1.94 +16.8000
  1.95 +16.8000
  1.96 +16.8000
  1.97 +16.8000
  1.98 +16.8000
  1.99 +16.8000
  2.00 +16.8000
  2.01 +16.8000
  2.02 +16.8000
  2.03 +16.8000
  2.04 +16.8000
  2.05 +16.8000
  2.06 +16.8000
  2.07 +16.8000
  2.08 +16.8000
  2.09 +16.8000
  2.10 +16.8000
  2.11 +16.8000
  2.12 +16.8000
  2.13 +16.8000
  2.14 +16.8000
  2.15 +16.8000
  2.16 +16.8000
  2.17 +16.8000
  2.18 +16.8000
  2.19 +16.8000
  2.20 +16.8000
  2.21 +16.8000
  2.22 +16.8000
  2.23 +16.8000
  2.24 +16.8000
  2.25 +16.8000
  2.26 +16.8000
  2.27 +16.8000
  2.28 +16.8000
  2.29 +16.8000
  2.30 +16.8000
  2.31 +16.8000
  2.32 +16.8000
  2.33 +16.8000
  2.34 +16.8000
  2.35 +16.8000
  2.36 +16.8000
  2.37 +16.8000
  2.38 +16.8000
  2.39 +16.8000
  2.40 +16.8000
  2.41 +16.8000
  2.42 +16.8000
  2.43 +16.8000
  2.44 +16.8000
  2.45 +16.8000
  2.46 +16.8000
  2.47 +16.8000
  2.48 +16.8000
  2.49 +16.8000
  2.50 +16.8000
  2.51 +16.8000
  2.52 +16.8000
  2.53 +16.8000
  2.54 +16.8000
  2.55 +16.8000
  2.56 +16.7999
  2.57 +16.7999
  2.58 +16.7999
  2.59 +16.7999
  2.60 +16.7999
  2.61 +16.7999
  2.62 +16.7999
  2.63 +16.7999
  2.64 +16.7999
  2.65 +16.7999
  2.66 +16.7999
  2.67 +16.7999
  2.68 +16.7999
  2.69 +16.7999
  2.70 +16.7999
  2.71 +16.7999
  2.72 +16.7999
  2.73 +16.7999
  2.74 +16.7999
  2.75 +16.7999
  2.76 +16.7999
  2.77 +16.7999
  2.78 +16.7999
  2.79 +16.7999
  2.80 +16.7999
  2.81 +16.7999
  2.82 +16.7999
  2.83 +16.7999
  2.84 +16.7999
  2.85 +16.7999
  2.86 +16.7999
  2.87 +16.7999
  2.88 +16.7999
  2.89 +16.7999
  2.90 +16.7999
  2.91 +16.7999
  2.92 +16.7999
  2.93 +16.7999
  2.94 +16.7999
  2.95 +16.7999
  2.96 +16.7999
  2.97 +16.7999
  2.98 +16.7999
  2.99 +16.7999
  3.00 +16.7999
  3.01 +16.7999
  3.02 +16.7999
  3.03 +16.7999
  3.04 +16.7999
  3.05 +16.7999
  3.06 +16.7999
  3.07 +16.7999
  3.08 +16.7999
  3.09 +16.7999
  3.10 +16.7999
  3.11 +16.7999
  3.12 +16.7999
  3.13 +16.7999
  3.14 +16.7999
  3.15 +16.7999
  3.16 +16.7999
  3.17 +16.7999
  3.18 +16.7999
  3.19 +16.7999
  3.20 +16.7999
  3.21 +16.7999
  3.22 +16.7999
  3.23 +16.7999
  3.24 +16.7999
  3.25 +16.7999
  3.26 +16.7999
  3.27 +16.7998
  3.28 +16.7998
  3.29 +16.7998
  3.30 +16.7998
  3.31 +16.7998
  3.32 +16.7998
  3.33 +16.7998
  3.34 +16.7998
  3.35 +16.7998
  3.36 +16.7998
  3.37 +16.7998
  3.38 +16.7998
  3.39 +16.7998
  3.40 +16.7998
  3.41 +16.7998
  3.42 +16.7998
  3.43 +16.7998
  3.44 +16.7998
  3.45 +16.7998
  3.46 +16.7998
  3.47 +16.7998
  3.48 +16.7997
  3.49 +16.7997
  3.50 +16.7997
  3.51 +16.7997
  3.52 +16.7997
  3.53 +16.7997
  3.54 +16.7997
  3.55 +16.7997
  3.56 +16.7997
  3.57 +16.7997
  3.58 +16.7997
  3.59 +16.7996
  3.60 +16.7996
  3.61 +16.7996
  3.62 +16.7996
  3.63 +16.7996
  3.64 +16.7996
  3.65 +16.7996
  3.66 +16.7995
  3.67 +16.7995
  3.68 +16.7995
  3.69 +16.7995
  3.70 +16.7995
  3.71 +16.7994
  3.72 +16.7994
  3.73 +16.7994
  3.74 +16.7994
  3.75 +16.7993
  3.76 +16.7993
  3.77 +16.7992
  3.78 +16.7992
  3.79 +16.7992
  3.80 +16.7991
  3.81 +16.7990
  3.82 +16.7990
  3.83 +16.7989
  3.84 +16.7988
  3.85 +16.7987
  3.86 +16.7986
  3.87 +16.7985
  3.88 +16.7983
  3.89 +16.7982
  3.90 +16.7980
  3.91 +16.7977
  3.92 +16.7975
  3.93 +16.7971
  3.94 +16.7967
  3.95 +16.7961
  3.96 +16.7954
  3.97 +16.7945
  3.98 +16.7932
  3.99 +16.7911
  4.00 +16.7872
  4.01 +16.7821
