  0.00 +14.8000
  0.00 +14.8000
  0.00 +14.8000
  0.00 +14.8000
  0.01 +14.8000
  0.01 +14.8000
  0.01 +14.8000
  0.01 +14.8000
  0.01 +14.8000
  0.01 +14.8000
  0.01 +14.8000
  0.01 +14.8000
  0.01 +14.8000
  0.01 +14.8000
  0.01 +14.8000
  0.02 +14.8000
  0.02 +14.8000
  0.02 +14.8000
  0.02 +14.8000
  0.02 +14.8000
  0.02 +14.8000
  0.02 +14.8000
  0.02 +14.8000
  0.02 +14.8000
  0.03 +14.8000
  0.03 +14.8000
  0.03 +14.8000
  0.03 +14.8000
  0.03 +14.8000
  0.03 +14.8000
  0.03 +14.8000
  0.03 +14.8000
  0.03 +14.8000
  0.03 +14.8000
  0.04 +14.8000
  0.04 +14.8000
  0.04 +14.8000
  0.04 +14.8000
  0.04 +14.8000
  0.04 +14.8000
  0.04 +14.8000
  0.04 +14.8000
  0.04 +14.8000
  0.04 +14.8000
  0.05 +14.8000
  0.05 +14.8000
  0.05 +14.8000
  0.05 +14.8000
  0.05 +14.8000
  0.05 +14.8000
  0.05 +14.8000
  0.05 +14.8000
  0.05 +14.8000
  0.05 +14.8000
  0.06 +14.8000
  0.06 +14.8000
  0.06 +14.8000
  0.06 +14.8000
  0.06 +14.8000
  0.06 +14.8000
  0.06 +14.8000
  0.06 +14.8000
  0.06 +14.8000
  0.06 +14.8000
  0.07 +14.8000
  0.07 +14.8000
  0.07 +14.8000
  0.07 +14.8000
  0.07 +14.8000
  0.07 +14.8000
  0.07 +14.8000
  0.07 +14.8000
  0.07 +14.8000
  0.07 +14.8000
  0.08 +14.8000
  0.08 +14.8000
  0.08 +14.8000
  0.08 +14.8000
  0.08 +14.8000
  0.08 +14.8000
  0.08 +14.8000
  0.08 +14.8000
  0.08 +14.8000
  0.08 +14.8000
  0.09 +14.8000
  0.09 +14.8000
  0.09 +14.8000
  0.09 +14.8000
  0.09 +14.8000
  0.09 +14.8000
  0.09 +14.8000
  0.09 +14.8000
  0.09 +14.8000
  0.09 +14.8000
  0.10 +14.8000
  0.10 +14.8000
  0.10 +14.8000
  0.10 +14.8000
  0.10 +14.8000
  0.10 +14.8000
  0.10 +14.8000
  0.10 +14.8000
  0.10 +14.8000
  0.10 +14.8000
  0.11 +14.8000
  0.11 +14.8000
  0.11 +14.8000
  0.11 +14.8000
  0.11 +14.8000
  0.11 +14.8000
  0.11 +14.8000
  0.11 +14.8000
  0.11 +14.8000
  0.11 +14.8000
  0.11 +14.8000
  0.12 +14.8000
  0.12 +14.8000
  0.12 +14.8000
  0.12 +14.8000
  0.12 +14.8000
  0.12 +14.8000
  0.12 +14.8000
  0.12 +14.8000
  0.12 +14.8000
  0.12 +14.8000
  0.13 +14.8000
  0.13 +14.8000
  0.13 +14.8000
  0.13 +14.8000
  0.13 +14.8000
  0.13 +14.8000
  0.13 +14.8000
  0.13 +14.8000
  0.13 +14.8000
  0.14 +14.8000
  0.14 +14.8000
  0.14 +14.8000
  0.14 +14.8000
  0.14 +14.8000
  0.14 +14.8000
  0.14 +14.8000
  0.14 +14.8000
  0.14 +14.8000
  0.14 +14.8000
  0.15 +14.8000
  0.15 +14.8000
  0.15 +14.8000
  0.15 +14.8000
  0.15 +14.8000
  0.15 +14.8000
  0.15 +14.8000
  0.15 +14.8000
  0.15 +14.8000
  0.15 +14.8000
  0.15 +14.8000
  0.16 +14.8000
  0.16 +14.8000
  0.16 +14.8000
  0.16 +14.8000
  0.16 +14.8000
  0.16 +14.8000
  0.16 +14.8000
  0.16 +14.8000
  0.16 +14.8000
  0.17 +14.8000
  0.17 +14.8000
  0.17 +14.8000
  0.17 +14.8000
  0.17 +14.8000
  0.17 +14.8000
  0.17 +14.8000
  0.17 +14.8000
  0.17 +14.8000
  0.17 +14.8000
  0.18 +14.8000
  0.18 +14.8000
  0.18 +14.8000
  0.18 +14.8000
  0.18 +14.8000
  0.18 +14.8000
  0.18 +14.8000
  0.18 +14.8000
  0.18 +14.8000
  0.18 +14.8000
  0.18 +14.8000
  0.19 +14.8000
  0.19 +14.8000
  0.19 +14.8000
  0.19 +14.8000
  0.19 +14.8000
  0.19 +14.8000
  0.19 +14.8000
  0.19 +14.8000
  0.19 +14.8000
  0.20 +14.8000
  0.20 +14.8000
  0.20 +14.8000
  0.20 +14.8000
  0.20 +14.8000
  0.20 +14.8000
  0.20 +14.8000
  0.20 +14.8000
  0.20 +14.8000
  0.20 +14.8000
  0.21 +14.8000
  0.21 +14.8000
  0.21 +14.8000
  0.21 +14.8000
  0.21 +14.8000
  0.21 +14.8000
  0.21 +14.8000
  0.21 +14.8000
  0.21 +14.8000
  0.21 +14.8000
  0.22 +14.8000
  0.22 +14.8000
  0.22 +14.8000
  0.22 +14.8000
  0.22 +14.8000
  0.22 +14.8000
  0.22 +14.8000
  0.22 +14.8000
  0.22 +14.8000
  0.22 +14.8000
  0.22 +14.8000
  0.23 +14.8000
  0.23 +14.8000
  0.23 +14.8000
  0.23 +14.8000
  0.23 +14.8000
  0.23 +14.8000
  0.23 +14.8000
  0.23 +14.8000
  0.23 +14.8000
  0.23 +14.8000
  0.24 +14.8000
  0.24 +14.8000
  0.24 +14.8000
  0.24 +14.8000
  0.24 +14.8000
  0.24 +14.8000
  0.24 +14.8000
  0.24 +14.8000
  0.24 +14.8000
  0.24 +14.8000
  0.25 +14.8000
  0.25 +14.8000
  0.25 +14.8000
  0.25 +14.8000
  0.25 +14.8000
  0.25 +14.8000
  0.25 +14.8000
  0.25 +14.8000
  0.25 +14.8000
  0.26 +14.8000
  0.26 +14.8000
  0.26 +14.8000
  0.26 +14.8000
  0.26 +14.8000
  0.26 +14.8000
  0.26 +14.8000
  0.26 +14.8000
  0.26 +14.8000
  0.26 +14.8000
  0.27 +14.8000
  0.27 +14.8000
  0.27 +14.8000
  0.27 +14.8000
  0.27 +14.8000
  0.27 +14.8000
  0.27 +14.8000
  0.27 +14.8000
  0.27 +14.8000
  0.27 +14.8000
  0.28 +14.8000
  0.28 +14.8000
  0.28 +14.8000
  0.28 +14.8000
  0.28 +14.8000
  0.28 +14.8000
  0.28 +14.8000
  0.28 +14.8000
  0.28 +14.8000
  0.28 +14.8000
  0.29 +14.8000
  0.29 +14.8000
  0.29 +14.8000
  0.29 +14.8000
  0.29 +14.8000
  0.29 +14.8000
  0.29 +14.8000
  0.29 +14.8000
  0.29 +14.8000
  0.29 +14.8000
  0.30 +14.8000
  0.30 +14.8000
  0.30 +14.8000
  0.30 +14.8000
  0.30 +14.8000
  0.30 +14.8000
  0.30 +14.8000
  0.30 +14.8000
  0.30 +14.8000
  0.30 +14.8000
  0.30 +14.8000
  0.31 +14.8000
  0.31 +14.8000
  0.31 +14.8000
  0.31 +14.8000
  0.31 +14.8000
  0.31 +14.8000
  0.31 +14.8000
  0.31 +14.8000
  0.31 +14.8000
  0.32 +14.8000
  0.32 +14.8000
  0.32 +14.8000
  0.32 +14.8000
  0.32 +14.8000
  0.32 +14.8000
  0.32 +14.8000
  0.32 +14.8000
  0.32 +14.8000
  0.32 +14.8000
  0.33 +14.8000
  0.33 +14.8000
  0.33 +14.8000
  0.33 +14.8000
  0.33 +14.8000
  0.33 +14.8000
  0.33 +14.8000
  0.33 +14.8000
  0.33 +14.8000
  0.33 +14.8000
  0.34 +14.8000
  0.34 +14.8000
  0.34 +14.8000
  0.34 +14.8000
  0.34 +14.8000
  0.34 +14.8000
  0.34 +14.8000
  0.34 +14.8000
  0.34 +14.8000
  0.34 +14.8000
  0.35 +14.8000
  0.35 +14.8000
  0.35 +14.8000
  0.35 +14.8000
  0.35 +14.8000
  0.35 +14.8000
  0.35 +14.8000
  0.35 +14.8000
  0.35 +14.8000
  0.35 +14.8000
  0.36 +14.8000
  0.36 +14.8000
  0.36 +14.8000
  0.36 +14.8000
  0.36 +14.8000
  0.36 +14.8000
  0.36 +14.8000
  0.36 +14.8000
  0.36 +14.8000
  0.36 +14.8000
  0.36 +14.8000
  0.37 +14.8000
  0.37 +14.8000
  0.37 +14.8000
  0.37 +14.8000
  0.37 +14.8000
  0.37 +14.8000
  0.37 +14.8000
  0.37 +14.8000
  0.37 +14.8000
  0.38 +14.8000
  0.38 +14.8000
  0.38 +14.8000
  0.38 +14.8000
  0.38 +14.8000
  0.38 +14.8000
  0.38 +14.8000
  0.38 +14.8000
  0.38 +14.8000
  0.38 +14.8000
  0.39 +14.8000
  0.39 +14.8000
  0.39 +14.8000
  0.39 +14.8000
  0.39 +14.8000
  0.39 +14.8000
  0.39 +14.8000
  0.39 +14.8000
  0.39 +14.8000
  0.39 +14.8000
  0.40 +14.8000
  0.40 +14.8000
  0.40 +14.8000
  0.40 +14.8000
  0.40 +14.8000
  0.40 +14.8000
  0.40 +14.8000
  0.40 +14.8000
  0.40 +14.8000
  0.40 +14.8000
  0.41 +14.8000
  0.41 +14.8000
  0.41 +14.8000
  0.41 +14.8000
  0.41 +14.8000
  0.41 +14.8000
  0.41 +14.8000
  0.41 +14.8000
  0.41 +14.8000
  0.41 +14.8000
  0.42 +14.8000
  0.42 +14.8000
  0.42 +14.8000
  0.42 +14.8000
  0.42 +14.8000
  0.42 +14.8000
  0.42 +14.8000
  0.42 +14.8000
  0.42 +14.8000
  0.42 +14.8000
  0.43 +14.8000
  0.43 +14.8000
  0.43 +14.8000
  0.43 +14.8000
  0.43 +14.8000
  0.43 +14.8000
  0.43 +14.8000
  0.43 +14.8000
  0.43 +14.8000
  0.43 +14.8000
  0.43 +14.8000
  0.44 +14.8000
  0.44 +14.8000
  0.44 +14.8000
  0.44 +14.8000
  0.44 +14.8000
  0.44 +14.8000
  0.44 +14.8000
  0.44 +14.8000
  0.44 +14.8000
  0.44 +14.8000
  0.45 +14.8000
  0.45 +14.8000
  0.45 +14.8000
  0.45 +14.8000
  0.45 +14.8000
  0.45 +14.8000
  0.45 +14.8000
  0.45 +14.8000
  0.45 +14.8000
  0.45 +14.8000
  0.46 +14.8000
  0.46 +14.8000
  0.46 +14.8000
  0.46 +14.8000
  0.46 +14.8000
  0.46 +14.8000
  0.46 +14.8000
  0.46 +14.8000
  0.46 +14.8000
  0.46 +14.8000
  0.47 +14.8000
  0.47 +14.8000
  0.47 +14.8000
  0.47 +14.8000
  0.47 +14.8000
  0.47 +14.8000
  0.47 +14.8000
  0.47 +14.8000
  0.47 +14.8000
  0.47 +14.8000
  0.48 +14.8000
  0.48 +14.8000
  0.48 +14.8000
  0.48 +14.8000
  0.48 +14.8000
  0.48 +14.8000
  0.48 +14.8000
  0.48 +14.8000
  0.48 +14.8000
  0.48 +14.8000
  0.49 +14.8000
  0.49 +14.8000
  0.49 +14.8000
  0.49 +14.8000
  0.49 +14.8000
  0.49 +14.8000
  0.49 +14.8000
  0.49 +14.8000
  0.49 +14.8000
  0.49 +14.8000
  0.50 +14.8000
  0.50 +14.8000
  0.50 +14.8000
  0.50 +14.8000
  0.50 +14.8000
  0.50 +14.8000
  0.50 +14.8000
  0.50 +14.8000
  0.50 +14.8000
  0.51 +14.8000
  0.51 +14.8000
  0.51 +14.8000
  0.51 +14.8000
  0.51 +14.8000
  0.51 +14.8000
  0.51 +14.8000
  0.51 +14.8000
  0.51 +14.8000
  0.51 +14.8000
  0.52 +14.8000
  0.52 +14.8000
  0.52 +14.8000
  0.52 +14.8000
  0.52 +14.8000
  0.52 +14.8000
  0.52 +14.8000
  0.52 +14.8000
  0.52 +14.8000
  0.52 +14.8000
  0.53 +14.8000
  0.53 +14.8000
  0.53 +14.8000
  0.53 +14.8000
  0.53 +14.8000
  0.53 +14.8000
  0.53 +14.8000
  0.53 +14.8000
  0.53 +14.8000
  0.53 +14.8000
  0.54 +14.8000
  0.54 +14.8000
  0.54 +14.8000
  0.54 +14.8000
  0.54 +14.8000
  0.54 +14.8000
  0.54 +14.8000
  0.54 +14.8000
  0.54 +14.8000
  0.54 +14.8000
  0.55 +14.8000
  0.55 +14.8000
  0.55 +14.8000
  0.55 +14.8000
  0.55 +14.8000
  0.55 +14.8000
  0.55 +14.8000
  0.55 +14.8000
  0.55 +14.8000
  0.55 +14.8000
  0.56 +14.8000
  0.56 +14.8000
  0.56 +14.8000
  0.56 +14.8000
  0.56 +14.8000
  0.56 +14.8000
  0.56 +14.8000
  0.56 +14.8000
  0.56 +14.8000
  0.56 +14.8000
  0.57 +14.8000
  0.57 +14.8000
  0.57 +14.8000
  0.57 +14.8000
  0.57 +14.8000
  0.57 +14.8000
  0.57 +14.8000
  0.57 +14.8000
  0.57 +14.8000
  0.57 +14.8000
  0.58 +14.8000
  0.58 +14.8000
  0.58 +14.8000
  0.58 +14.8000
  0.58 +14.8000
  0.58 +14.8000
  0.58 +14.8000
  0.58 +14.8000
  0.58 +14.8000
  0.58 +14.8000
  0.59 +14.8000
  0.59 +14.8000
  0.59 +14.8000
  0.59 +14.8000
  0.59 +14.8000
  0.59 +14.8000
  0.59 +14.8000
  0.59 +14.8000
  0.59 +14.8000
  0.59 +14.8000
  0.59 +14.8000
  0.60 +14.8000
  0.60 +14.8000
  0.60 +14.8000
  0.60 +14.8000
  0.60 +14.8000
  0.60 +14.8000
  0.60 +14.8000
  0.60 +14.8000
  0.60 +14.8000
  0.60 +14.8000
  0.61 +14.8000
  0.61 +14.8000
  0.61 +14.8000
  0.61 +14.8000
  0.61 +14.8000
  0.61 +14.8000
  0.61 +14.8000
  0.61 +14.8000
  0.61 +14.8000
  0.61 +14.8000
  0.62 +14.8000
  0.62 +14.8000
  0.62 +14.8000
  0.62 +14.8000
  0.62 +14.8000
  0.62 +14.8000
  0.62 +14.8000
  0.62 +14.8000
  0.62 +14.8000
  0.62 +14.8000
  0.63 +14.8000
  0.63 +14.8000
  0.63 +14.8000
  0.63 +14.8000
  0.63 +14.8000
  0.63 +14.8000
  0.63 +14.8000
  0.63 +14.8000
  0.63 +14.8000
  0.64 +14.8000
  0.64 +14.8000
  0.64 +14.8000
  0.64 +14.8000
  0.64 +14.8000
  0.64 +14.8000
  0.64 +14.8000
  0.64 +14.8000
  0.64 +14.8000
  0.64 +14.8000
  0.65 +14.8000
  0.65 +14.8000
  0.65 +14.8000
  0.65 +14.8000
  0.65 +14.8000
  0.65 +14.8000
  0.65 +14.8000
  0.65 +14.8000
  0.65 +14.8000
  0.65 +14.8000
  0.66 +14.8000
  0.66 +14.8000
  0.66 +14.8000
  0.66 +14.8000
  0.66 +14.8000
  0.66 +14.8000
  0.66 +14.8000
  0.66 +14.8000
  0.66 +14.8000
  0.66 +14.8000
  0.67 +14.8000
  0.67 +14.8000
  0.67 +14.8000
  0.67 +14.8000
  0.67 +14.8000
  0.67 +14.8000
  0.67 +14.8000
  0.67 +14.8000
  0.67 +14.8000
  0.67 +14.8000
  0.68 +14.8000
  0.68 +14.8000
  0.68 +14.8000
  0.68 +14.8000
  0.68 +14.8000
  0.68 +14.8000
  0.68 +14.8000
  0.68 +14.8000
  0.68 +14.8000
  0.68 +14.8000
  0.69 +14.8000
  0.69 +14.8000
  0.69 +14.8000
  0.69 +14.8000
  0.69 +14.8000
  0.69 +14.8000
  0.69 +14.8000
  0.69 +14.8000
  0.69 +14.8000
  0.69 +14.8000
  0.70 +14.8000
  0.70 +14.8000
  0.70 +14.8000
  0.70 +14.8000
  0.70 +14.8000
  0.70 +14.8000
  0.70 +14.8000
  0.70 +14.8000
  0.70 +14.8000
  0.70 +14.8000
  0.71 +14.8000
  0.71 +14.8000
  0.71 +14.8000
  0.71 +14.8000
  0.71 +14.8000
  0.71 +14.8000
  0.71 +14.8000
  0.71 +14.8000
  0.71 +14.8000
  0.71 +14.8000
  0.71 +14.8000
  0.72 +14.8000
  0.72 +14.8000
  0.72 +14.8000
  0.72 +14.8000
  0.72 +14.8000
  0.72 +14.8000
  0.72 +14.8000
  0.72 +14.8000
  0.72 +14.8000
  0.72 +14.8000
  0.73 +14.8000
  0.73 +14.8000
  0.73 +14.8000
  0.73 +14.8000
  0.73 +14.8000
  0.73 +14.8000
  0.73 +14.8000
  0.73 +14.8000
  0.73 +14.8000
  0.73 +14.8000
  0.74 +14.8000
  0.74 +14.8000
  0.74 +14.8000
  0.74 +14.8000
  0.74 +14.8000
  0.74 +14.8000
  0.74 +14.8000
  0.74 +14.8000
  0.74 +14.8000
  0.74 +14.8000
  0.75 +14.8000
  0.75 +14.8000
  0.75 +14.8000
  0.75 +14.8000
  0.75 +14.8000
  0.75 +14.8000
  0.75 +14.8000
  0.75 +14.8000
  0.75 +14.8000
  0.76 +14.8000
  0.76 +14.8000
  0.76 +14.8000
  0.76 +14.8000
  0.76 +14.8000
  0.76 +14.8000
  0.76 +14.8000
  0.76 +14.8000
  0.76 +14.8000
  0.76 +14.8000
  0.77 +14.8000
  0.77 +14.8000
  0.77 +14.8000
  0.77 +14.8000
  0.77 +14.8000
  0.77 +14.8000
  0.77 +14.8000
  0.77 +14.8000
  0.77 +14.8000
  0.77 +14.8000
  0.78 +14.8000
  0.78 +14.8000
  0.78 +14.8000
  0.78 +14.8000
  0.78 +14.8000
  0.78 +14.8000
  0.78 +14.8000
  0.78 +14.8000
  0.78 +14.8000
  0.78 +14.8000
  0.79 +14.8000
  0.79 +14.8000
  0.79 +14.8000
  0.79 +14.8000
  0.79 +14.8000
  0.79 +14.8000
  0.79 +14.8000
  0.79 +14.8000
  0.79 +14.8000
  0.79 +14.8000
  0.80 +14.8000
  0.80 +14.8000
  0.80 +14.8000
  0.80 +14.8000
  0.80 +14.8000
  0.80 +14.8000
  0.80 +14.8000
  0.80 +14.8000
  0.80 +14.8000
  0.80 +14.8000
  0.81 +14.8000
  0.81 +14.8000
  0.81 +14.8000
  0.81 +14.8000
  0.81 +14.8000
  0.81 +14.8000
  0.81 +14.8000
  0.81 +14.8000
  0.81 +14.8000
  0.81 +14.8000
  0.82 +14.8000
  0.82 +14.8000
  0.82 +14.8000
  0.82 +14.8000
  0.82 +14.8000
  0.82 +14.8000
  0.82 +14.8000
  0.82 +14.8000
  0.82 +14.8000
  0.82 +14.8000
  0.83 +14.8000
  0.83 +14.8000
  0.83 +14.8000
  0.83 +14.8000
  0.83 +14.8000
  0.83 +14.8000
  0.83 +14.8000
  0.83 +14.8000
  0.83 +14.8000
  0.83 +14.8000
  0.84 +14.8000
  0.84 +14.8000
  0.84 +14.8000
  0.84 +14.8000
  0.84 +14.8000
  0.84 +14.8000
  0.84 +14.8000
  0.84 +14.8000
  0.84 +14.8000
  0.84 +14.8000
  0.85 +14.8000
  0.85 +14.8000
  0.85 +14.8000
  0.85 +14.8000
  0.85 +14.8000
  0.85 +14.8000
  0.85 +14.8000
  0.85 +14.8000
  0.85 +14.8000
  0.85 +14.8000
  0.86 +14.8000
  0.86 +14.8000
  0.86 +14.8000
  0.86 +14.8000
  0.86 +14.8000
  0.86 +14.8000
  0.86 +14.8000
  0.86 +14.8000
  0.86 +14.8000
  0.86 +14.8000
  0.86 +14.8000
  0.87 +14.8000
  0.87 +14.8000
  0.87 +14.8000
  0.87 +14.8000
  0.87 +14.8000
  0.87 +14.8000
  0.87 +14.8000
  0.87 +14.8000
  0.87 +14.8000
  0.87 +14.8000
  0.88 +14.8000
  0.88 +14.8000
  0.88 +14.8000
  0.88 +14.8000
  0.88 +14.8000
  0.88 +14.8000
  0.88 +14.8000
  0.88 +14.8000
  0.88 +14.8000
  0.88 +14.8000
  0.89 +14.8000
  0.89 +14.8000
  0.89 +14.8000
  0.89 +14.8000
  0.89 +14.8000
  0.89 +14.8000
  0.89 +14.8000
  0.89 +14.8000
  0.89 +14.8000
  0.89 +14.8000
  0.90 +14.8000
  0.90 +14.8000
  0.90 +14.8000
  0.90 +14.8000
  0.90 +14.8000
  0.90 +14.8000
  0.90 +14.8000
  0.90 +14.8000
  0.90 +14.8000
  0.90 +14.8000
  0.91 +14.8000
  0.91 +14.8000
  0.91 +14.8000
  0.91 +14.8000
  0.91 +14.8000
  0.91 +14.8000
  0.91 +14.8000
  0.91 +14.8000
  0.91 +14.8000
  0.91 +14.8000
  0.92 +14.8000
  0.92 +14.8000
  0.92 +14.8000
  0.92 +14.8000
  0.92 +14.8000
  0.92 +14.8000
  0.92 +14.8000
  0.92 +14.8000
  0.92 +14.8000
  0.92 +14.8000
  0.93 +14.8000
  0.93 +14.8000
  0.93 +14.8000
  0.93 +14.8000
  0.93 +14.8000
  0.93 +14.8000
  0.93 +14.8000
  0.93 +14.8000
  0.93 +14.8000
  0.93 +14.8000
  0.94 +14.8000
  0.94 +14.8000
  0.94 +14.8000
  0.94 +14.8000
  0.94 +14.8000
  0.94 +14.8000
  0.94 +14.8000
  0.94 +14.8000
  0.94 +14.8000
  0.94 +14.8000
  0.95 +14.8000
  0.95 +14.8000
  0.95 +14.8000
  0.95 +14.8000
  0.95 +14.8000
  0.95 +14.8000
  0.95 +14.8000
  0.95 +14.8000
  0.95 +14.8000
  0.95 +14.8000
  0.96 +14.8000
  0.96 +14.8000
  0.96 +14.8000
  0.96 +14.8000
  0.96 +14.8000
  0.96 +14.8000
  0.96 +14.8000
  0.96 +14.8000
  0.96 +14.8000
  0.96 +14.8000
  0.97 +14.8000
  0.97 +14.8000
  0.97 +14.8000
  0.97 +14.8000
  0.97 +14.8000
  0.97 +14.8000
  0.97 +14.8000
  0.97 +14.8000
  0.97 +14.8000
  0.97 +14.8000
  0.98 +14.8000
  0.98 +14.8000
  0.98 +14.8000
  0.98 +14.8000
  0.98 +14.8000
  0.98 +14.8000
  0.98 +14.8000
  0.98 +14.8000
  0.98 +14.8000
  0.98 +14.8000
  0.99 +14.8000
  0.99 +14.8000
  0.99 +14.8000
  0.99 +14.8000
  0.99 +14.8000
  0.99 +14.8000
  0.99 +14.8000
  0.99 +14.8000
  0.99 +14.8000
  0.99 +14.8000
  1.00 +14.8000
  1.00 +14.8000
  1.00 +14.8000
  1.00 +14.8000
  1.00 +14.8000
  1.00 +14.8000
  1.00 +14.8000
  1.00 +14.8000
  1.00 +14.8000
  1.00 +14.8000
  1.01 +14.8000
  1.01 +14.8000
  1.01 +14.8000
  1.01 +14.8000
  1.01 +14.8000
  1.01 +14.8000
  1.01 +14.8000
  1.01 +14.8000
  1.01 +14.8000
  1.02 +14.8000
  1.02 +14.8000
  1.02 +14.8000
  1.02 +14.8000
  1.02 +14.8000
  1.02 +14.8000
  1.02 +14.8000
  1.02 +14.8000
  1.02 +14.8000
  1.02 +14.8000
  1.02 +14.8000
  1.03 +14.8000
  1.03 +14.8000
  1.03 +14.8000
  1.03 +14.8000
  1.03 +14.8000
  1.03 +14.8000
  1.03 +14.8000
  1.03 +14.8000
  1.03 +14.8000
  1.04 +14.8000
  1.04 +14.8000
  1.04 +14.8000
  1.04 +14.8000
  1.04 +14.8000
  1.04 +14.8000
  1.04 +14.8000
  1.04 +14.8000
  1.04 +14.8000
  1.04 +14.8000
  1.04 +14.8000
  1.05 +14.8000
  1.05 +14.8000
  1.05 +14.8000
  1.05 +14.8000
  1.05 +14.8000
  1.05 +14.8000
  1.05 +14.8000
  1.05 +14.8000
  1.05 +14.8000
  1.06 +14.8000
  1.06 +14.8000
  1.06 +14.8000
  1.06 +14.8000
  1.06 +14.8000
  1.06 +14.8000
  1.06 +14.8000
  1.06 +14.8000
  1.06 +14.8000
  1.06 +14.8000
  1.06 +14.8000
  1.07 +14.8000
  1.07 +14.8000
  1.07 +14.8000
  1.07 +14.8000
  1.07 +14.8000
  1.07 +14.8000
  1.07 +14.8000
  1.07 +14.8000
  1.07 +14.8000
  1.08 +14.8000
  1.08 +14.8000
  1.08 +14.8000
  1.08 +14.8000
  1.08 +14.8000
  1.08 +14.8000
  1.08 +14.8000
  1.08 +14.8000
  1.08 +14.8000
  1.08 +14.8000
  1.08 +14.8000
  1.09 +14.8000
  1.09 +14.8000
  1.09 +14.8000
  1.09 +14.8000
  1.09 +14.8000
  1.09 +14.8000
  1.09 +14.8000
  1.09 +14.8000
  1.09 +14.8000
  1.10 +14.8000
  1.10 +14.8000
  1.10 +14.8000
  1.10 +14.8000
  1.10 +14.8000
  1.10 +14.8000
  1.10 +14.8000
  1.10 +14.8000
  1.10 +14.8000
  1.10 +14.8000
  1.10 +14.8000
  1.11 +14.8000
  1.11 +14.8000
  1.11 +14.8000
  1.11 +14.8000
  1.11 +14.8000
  1.11 +14.8000
  1.11 +14.8000
  1.11 +14.8000
  1.11 +14.8000
  1.12 +14.8000
  1.12 +14.8000
  1.12 +14.8000
  1.12 +14.8000
  1.12 +14.8000
  1.12 +14.8000
  1.12 +14.8000
  1.12 +14.8000
  1.12 +14.8000
  1.12 +14.8000
  1.12 +14.8000
  1.13 +14.8000
  1.13 +14.8000
  1.13 +14.8000
  1.13 +14.8000
  1.13 +14.8000
  1.13 +14.8000
  1.13 +14.8000
  1.13 +14.8000
  1.13 +14.8000
  1.14 +14.8000
  1.14 +14.8000
  1.14 +14.8000
  1.14 +14.8000
  1.14 +14.8000
  1.14 +14.8000
  1.14 +14.8000
  1.14 +14.8000
  1.14 +14.8000
  1.14 +14.8000
  1.15 +14.8000
  1.15 +14.8000
  1.15 +14.8000
  1.15 +14.8000
  1.15 +14.8000
  1.15 +14.8000
  1.15 +14.8000
  1.15 +14.8000
  1.15 +14.8000
  1.15 +14.8000
  1.16 +14.8000
  1.16 +14.8000
  1.16 +14.8000
  1.16 +14.8000
  1.16 +14.8000
  1.16 +14.8000
  1.16 +14.8000
  1.16 +14.8000
  1.16 +14.8000
  1.16 +14.8000
  1.17 +14.8000
  1.17 +14.8000
  1.17 +14.8000
  1.17 +14.8000
  1.17 +14.8000
  1.17 +14.8000
  1.17 +14.8000
  1.17 +14.8000
  1.17 +14.8000
  1.17 +14.8000
  1.18 +14.8000
  1.18 +14.8000
  1.18 +14.8000
  1.18 +14.8000
  1.18 +14.8000
  1.18 +14.8000
  1.18 +14.8000
  1.18 +14.8000
  1.18 +14.8000
  1.18 +14.8000
  1.19 +14.8000
  1.19 +14.8000
  1.19 +14.8000
  1.19 +14.8000
  1.19 +14.8000
  1.19 +14.8000
  1.19 +14.8000
  1.19 +14.8000
  1.19 +14.8000
  1.19 +14.8000
  1.19 +14.8000
  1.20 +14.8000
  1.20 +14.8000
  1.20 +14.8000
  1.20 +14.8000
  1.20 +14.8000
  1.20 +14.8000
  1.20 +14.8000
  1.20 +14.8000
  1.20 +14.8000
  1.21 +14.8000
  1.21 +14.8000
  1.21 +14.8000
  1.21 +14.8000
  1.21 +14.8000
  1.21 +14.8000
  1.21 +14.8000
  1.21 +14.8000
  1.21 +14.8000
  1.21 +14.8000
  1.21 +14.8000
  1.22 +14.8000
  1.22 +14.8000
  1.22 +14.8000
  1.22 +14.8000
  1.22 +14.8000
  1.22 +14.8000
  1.22 +14.8000
  1.22 +14.8000
  1.22 +14.8000
  1.23 +14.8000
  1.23 +14.8000
  1.23 +14.8000
  1.23 +14.8000
  1.23 +14.8000
  1.23 +14.8000
  1.23 +14.8000
  1.23 +14.8000
  1.23 +14.8000
  1.23 +14.8000
  1.23 +14.8000
  1.24 +14.8000
  1.24 +14.8000
  1.24 +14.8000
  1.24 +14.8000
  1.24 +14.8000
  1.24 +14.8000
  1.24 +14.8000
  1.24 +14.8000
  1.24 +14.8000
  1.25 +14.8000
  1.25 +14.8000
  1.25 +14.8000
  1.25 +14.8000
  1.25 +14.8000
  1.25 +14.8000
  1.25 +14.8000
  1.25 +14.8000
  1.25 +14.8000
  1.25 +14.8000
  1.25 +14.7999
  1.26 +14.7999
  1.26 +14.7999
  1.26 +14.7999
  1.26 +14.7999
  1.26 +14.7999
  1.26 +14.7999
  1.26 +14.7999
  1.26 +14.7999
  1.26 +14.7999
  1.27 +14.7999
  1.27 +14.7999
  1.27 +14.7999
  1.27 +14.7999
  1.27 +14.7999
  1.27 +14.7999
  1.27 +14.7999
  1.27 +14.7999
  1.27 +14.7999
  1.27 +14.7999
  1.27 +14.7999
  1.28 +14.7999
  1.28 +14.7999
  1.28 +14.7999
  1.28 +14.7999
  1.28 +14.7999
  1.28 +14.7999
  1.28 +14.7999
  1.28 +14.7999
  1.28 +14.7999
  1.29 +14.7999
  1.29 +14.7999
  1.29 +14.7999
  1.29 +14.7999
  1.29 +14.7999
  1.29 +14.7999
  1.29 +14.7999
  1.29 +14.7999
  1.29 +14.7999
  1.29 +14.7999
  1.29 +14.7999
  1.30 +14.7999
  1.30 +14.7999
  1.30 +14.7999
  1.30 +14.7999
  1.30 +14.7999
  1.30 +14.7999
  1.30 +14.7999
  1.30 +14.7999
  1.30 +14.7999
  1.31 +14.7999
  1.31 +14.7999
  1.31 +14.7999
  1.31 +14.7999
  1.31 +14.7999
  1.31 +14.7999
  1.31 +14.7999
  1.31 +14.7999
  1.31 +14.7999
  1.31 +14.7999
  1.31 +14.7999
  1.32 +14.7999
  1.32 +14.7999
  1.32 +14.7999
  1.32 +14.7999
  1.32 +14.7999
  1.32 +14.7999
  1.32 +14.7999
  1.32 +14.7999
  1.32 +14.7999
  1.33 +14.7999
  1.33 +14.7999
  1.33 +14.7999
  1.33 +14.7999
  1.33 +14.7999
  1.33 +14.7999
  1.33 +14.7999
  1.33 +14.7999
  1.33 +14.7999
  1.33 +14.7999
  1.33 +14.7999
  1.34 +14.7999
  1.34 +14.7999
  1.34 +14.7999
  1.34 +14.7999
  1.34 +14.7999
  1.34 +14.7999
  1.34 +14.7999
  1.34 +14.7999
  1.34 +14.7999
  1.35 +14.7999
  1.35 +14.7999
  1.35 +14.7999
  1.35 +14.7999
  1.35 +14.7999
  1.35 +14.7999
  1.35 +14.7999
  1.35 +14.7999
  1.35 +14.7999
  1.35 +14.7999
  1.35 +14.7999
  1.36 +14.7999
  1.36 +14.7999
  1.36 +14.7999
  1.36 +14.7999
  1.36 +14.7999
  1.36 +14.7999
  1.36 +14.7999
  1.36 +14.7999
  1.36 +14.7999
  1.37 +14.7999
  1.37 +14.7999
  1.37 +14.7999
  1.37 +14.7999
  1.37 +14.7999
  1.37 +14.7999
  1.37 +14.7999
  1.37 +14.7999
  1.37 +14.7999
  1.37 +14.7999
  1.38 +14.7999
  1.38 +14.7999
  1.38 +14.7999
  1.38 +14.7999
  1.38 +14.7999
  1.38 +14.7999
  1.38 +14.7999
  1.38 +14.7999
  1.38 +14.7999
  1.38 +14.7999
  1.39 +14.7999
  1.39 +14.7999
  1.39 +14.7999
  1.39 +14.7999
  1.39 +14.7999
  1.39 +14.7999
  1.39 +14.7999
  1.39 +14.7999
  1.39 +14.7999
  1.39 +14.7999
  1.40 +14.7999
  1.40 +14.7999
  1.40 +14.7999
  1.40 +14.7999
  1.40 +14.7999
  1.40 +14.7999
  1.40 +14.7999
  1.40 +14.7999
  1.40 +14.7999
  1.40 +14.7999
  1.41 +14.7999
  1.41 +14.7999
  1.41 +14.7999
  1.41 +14.7999
  1.41 +14.7999
  1.41 +14.7999
  1.41 +14.7999
  1.41 +14.7999
  1.41 +14.7999
  1.41 +14.7999
  1.42 +14.7999
  1.42 +14.7999
  1.42 +14.7999
  1.42 +14.7999
  1.42 +14.7999
  1.42 +14.7999
  1.42 +14.7999
  1.42 +14.7999
  1.42 +14.7999
  1.42 +14.7999
  1.42 +14.7999
  1.43 +14.7999
  1.43 +14.7999
  1.43 +14.7999
  1.43 +14.7999
  1.43 +14.7999
  1.43 +14.7999
  1.43 +14.7999
  1.43 +14.7999
  1.43 +14.7999
  1.44 +14.7999
  1.44 +14.7999
  1.44 +14.7999
  1.44 +14.7999
  1.44 +14.7999
  1.44 +14.7999
  1.44 +14.7999
  1.44 +14.7999
  1.44 +14.7999
  1.44 +14.7999
  1.44 +14.7999
  1.45 +14.7999
  1.45 +14.7999
  1.45 +14.7999
  1.45 +14.7999
  1.45 +14.7999
  1.45 +14.7999
  1.45 +14.7999
  1.45 +14.7999
  1.45 +14.7999
  1.46 +14.7999
  1.46 +14.7999
  1.46 +14.7999
  1.46 +14.7999
  1.46 +14.7999
  1.46 +14.7999
  1.46 +14.7999
  1.46 +14.7999
  1.46 +14.7999
  1.46 +14.7999
  1.46 +14.7999
  1.47 +14.7999
  1.47 +14.7999
  1.47 +14.7999
  1.47 +14.7999
  1.47 +14.7999
  1.47 +14.7999
  1.47 +14.7999
  1.47 +14.7999
  1.47 +14.7999
  1.48 +14.7999
  1.48 +14.7999
  1.48 +14.7999
  1.48 +14.7999
  1.48 +14.7999
  1.48 +14.7999
  1.48 +14.7999
  1.48 +14.7999
  1.48 +14.7999
  1.48 +14.7999
  1.48 +14.7999
  1.49 +14.7999
  1.49 +14.7999
  1.49 +14.7999
  1.49 +14.7999
  1.49 +14.7999
  1.49 +14.7999
  1.49 +14.7999
  1.49 +14.7999
  1.49 +14.7999
  1.50 +14.7999
  1.50 +14.7999
  1.50 +14.7999
  1.50 +14.7999
  1.50 +14.7999
  1.50 +14.7999
  1.50 +14.7999
  1.50 +14.7999
  1.50 +14.7999
  1.50 +14.7999
  1.50 +14.7999
  1.51 +14.7999
  1.51 +14.7999
  1.51 +14.7999
  1.51 +14.7999
  1.51 +14.7999
  1.51 +14.7999
  1.51 +14.7999
  1.51 +14.7999
  1.51 +14.7999
  1.52 +14.7999
  1.52 +14.7999
  1.52 +14.7999
  1.52 +14.7999
  1.52 +14.7999
  1.52 +14.7999
  1.52 +14.7999
  1.52 +14.7999
  1.52 +14.7999
  1.52 +14.7999
  1.52 +14.7998
  1.53 +14.7998
  1.53 +14.7998
  1.53 +14.7998
  1.53 +14.7998
  1.53 +14.7998
  1.53 +14.7998
  1.53 +14.7998
  1.53 +14.7998
  1.53 +14.7998
  1.54 +14.7998
  1.54 +14.7998
  1.54 +14.7998
  1.54 +14.7998
  1.54 +14.7998
  1.54 +14.7998
  1.54 +14.7998
  1.54 +14.7998
  1.54 +14.7998
  1.54 +14.7998
  1.54 +14.7998
  1.55 +14.7998
  1.55 +14.7998
  1.55 +14.7998
  1.55 +14.7998
  1.55 +14.7998
  1.55 +14.7998
  1.55 +14.7998
  1.55 +14.7998
  1.55 +14.7998
  1.56 +14.7998
  1.56 +14.7998
  1.56 +14.7998
  1.56 +14.7998
  1.56 +14.7998
  1.56 +14.7998
  1.56 +14.7998
  1.56 +14.7998
  1.56 +14.7998
  1.56 +14.7998
  1.56 +14.7998
  1.57 +14.7998
  1.57 +14.7998
  1.57 +14.7998
  1.57 +14.7998
  1.57 +14.7998
  1.57 +14.7998
  1.57 +14.7998
  1.57 +14.7998
  1.57 +14.7998
  1.58 +14.7998
  1.58 +14.7998
  1.58 +14.7998
  1.58 +14.7998
  1.58 +14.7998
  1.58 +14.7998
  1.58 +14.7998
  1.58 +14.7998
  1.58 +14.7998
  1.58 +14.7998
  1.58 +14.7998
  1.59 +14.7998
  1.59 +14.7998
  1.59 +14.7998
  1.59 +14.7998
  1.59 +14.7998
  1.59 +14.7998
  1.59 +14.7998
  1.59 +14.7998
  1.59 +14.7998
  1.60 +14.7998
  1.60 +14.7998
  1.60 +14.7998
  1.60 +14.7998
  1.60 +14.7998
  1.60 +14.7998
  1.60 +14.7998
  1.60 +14.7998
  1.60 +14.7998
  1.60 +14.7998
  1.60 +14.7998
  1.61 +14.7998
  1.61 +14.7998
  1.61 +14.7998
  1.61 +14.7998
  1.61 +14.7998
  1.61 +14.7998
  1.61 +14.7998
  1.61 +14.7998
  1.61 +14.7998
  1.62 +14.7998
  1.62 +14.7998
  1.62 +14.7998
  1.62 +14.7998
  1.62 +14.7998
  1.62 +14.7998
  1.62 +14.7998
  1.62 +14.7998
  1.62 +14.7998
  1.62 +14.7998
  1.62 +14.7998
  1.63 +14.7998
  1.63 +14.7998
  1.63 +14.7998
  1.63 +14.7998
  1.63 +14.7998
  1.63 +14.7998
  1.63 +14.7998
  1.63 +14.7998
  1.63 +14.7998
  1.64 +14.7998
  1.64 +14.7998
  1.64 +14.7998
  1.64 +14.7998
  1.64 +14.7998
  1.64 +14.7998
  1.64 +14.7998
  1.64 +14.7998
  1.64 +14.7998
  1.64 +14.7998
  1.65 +14.7998
  1.65 +14.7998
  1.65 +14.7998
  1.65 +14.7998
  1.65 +14.7998
  1.65 +14.7998
  1.65 +14.7998
  1.65 +14.7998
  1.65 +14.7998
  1.65 +14.7998
  1.66 +14.7998
  1.66 +14.7998
  1.66 +14.7998
  1.66 +14.7998
  1.66 +14.7998
  1.66 +14.7998
  1.66 +14.7998
  1.66 +14.7998
  1.66 +14.7998
  1.66 +14.7998
  1.67 +14.7998
  1.67 +14.7998
  1.67 +14.7998
  1.67 +14.7998
  1.67 +14.7998
  1.67 +14.7998
  1.67 +14.7998
  1.67 +14.7998
  1.67 +14.7998
  1.67 +14.7998
  1.68 +14.7998
  1.68 +14.7998
  1.68 +14.7998
  1.68 +14.7998
  1.68 +14.7998
  1.68 +14.7998
  1.68 +14.7998
  1.68 +14.7998
  1.68 +14.7998
  1.68 +14.7998
  1.69 +14.7998
  1.69 +14.7998
  1.69 +14.7997
  1.69 +14.7997
  1.69 +14.7997
  1.69 +14.7997
  1.69 +14.7997
  1.69 +14.7997
  1.69 +14.7997
  1.69 +14.7997
  1.70 +14.7997
  1.70 +14.7997
  1.70 +14.7997
  1.70 +14.7997
  1.70 +14.7997
  1.70 +14.7997
  1.70 +14.7997
  1.70 +14.7997
  1.70 +14.7997
  1.70 +14.7997
  1.71 +14.7997
  1.71 +14.7997
  1.71 +14.7997
  1.71 +14.7997
  1.71 +14.7997
  1.71 +14.7997
  1.71 +14.7997
  1.71 +14.7997
  1.71 +14.7997
  1.71 +14.7997
  1.72 +14.7997
  1.72 +14.7997
  1.72 +14.7997
  1.72 +14.7997
  1.72 +14.7997
  1.72 +14.7997
  1.72 +14.7997
  1.72 +14.7997
  1.72 +14.7997
  1.72 +14.7997
  1.72 +14.7997
  1.73 +14.7997
  1.73 +14.7997
  1.73 +14.7997
  1.73 +14.7997
  1.73 +14.7997
  1.73 +14.7997
  1.73 +14.7997
  1.73 +14.7997
  1.73 +14.7997
  1.73 +14.7997
  1.74 +14.7997
  1.74 +14.7997
  1.74 +14.7997
  1.74 +14.7997
  1.74 +14.7997
  1.74 +14.7997
  1.74 +14.7997
  1.74 +14.7997
  1.74 +14.7997
  1.74 +14.7997
  1.75 +14.7997
  1.75 +14.7997
  1.75 +14.7997
  1.75 +14.7997
  1.75 +14.7997
  1.75 +14.7997
  1.75 +14.7997
  1.75 +14.7997
  1.75 +14.7997
  1.75 +14.7997
  1.76 +14.7997
  1.76 +14.7997
  1.76 +14.7997
  1.76 +14.7997
  1.76 +14.7997
  1.76 +14.7997
  1.76 +14.7997
  1.76 +14.7997
  1.76 +14.7997
  1.76 +14.7997
  1.77 +14.7997
  1.77 +14.7997
  1.77 +14.7997
  1.77 +14.7997
  1.77 +14.7997
  1.77 +14.7997
  1.77 +14.7997
  1.77 +14.7997
  1.77 +14.7997
  1.77 +14.7997
  1.78 +14.7997
  1.78 +14.7997
  1.78 +14.7997
  1.78 +14.7997
  1.78 +14.7997
  1.78 +14.7997
  1.78 +14.7997
  1.78 +14.7997
  1.78 +14.7997
  1.78 +14.7997
  1.79 +14.7997
  1.79 +14.7997
  1.79 +14.7997
  1.79 +14.7997
  1.79 +14.7997
  1.79 +14.7997
  1.79 +14.7997
  1.79 +14.7997
  1.79 +14.7997
  1.79 +14.7997
  1.80 +14.7997
  1.80 +14.7997
  1.80 +14.7997
  1.80 +14.7997
  1.80 +14.7997
  1.80 +14.7997
  1.80 +14.7997
  1.80 +14.7997
  1.80 +14.7997
  1.80 +14.7997
  1.81 +14.7997
  1.81 +14.7997
  1.81 +14.7997
  1.81 +14.7996
  1.81 +14.7996
  1.81 +14.7996
  1.81 +14.7996
  1.81 +14.7996
  1.81 +14.7996
  1.81 +14.7996
  1.82 +14.7996
  1.82 +14.7996
  1.82 +14.7996
  1.82 +14.7996
  1.82 +14.7996
  1.82 +14.7996
  1.82 +14.7996
  1.82 +14.7996
  1.82 +14.7996
  1.82 +14.7996
  1.83 +14.7996
  1.83 +14.7996
  1.83 +14.7996
  1.83 +14.7996
  1.83 +14.7996
  1.83 +14.7996
  1.83 +14.7996
  1.83 +14.7996
  1.83 +14.7996
  1.83 +14.7996
  1.84 +14.7996
  1.84 +14.7996
  1.84 +14.7996
  1.84 +14.7996
  1.84 +14.7996
  1.84 +14.7996
  1.84 +14.7996
  1.84 +14.7996
  1.84 +14.7996
  1.84 +14.7996
  1.85 +14.7996
  1.85 +14.7996
  1.85 +14.7996
  1.85 +14.7996
  1.85 +14.7996
  1.85 +14.7996
  1.85 +14.7996
  1.85 +14.7996
  1.85 +14.7996
  1.85 +14.7996
  1.86 +14.7996
  1.86 +14.7996
  1.86 +14.7996
  1.86 +14.7996
  1.86 +14.7996
  1.86 +14.7996
  1.86 +14.7996
  1.86 +14.7996
  1.86 +14.7996
  1.86 +14.7996
  1.87 +14.7996
  1.87 +14.7996
  1.87 +14.7996
  1.87 +14.7996
  1.87 +14.7996
  1.87 +14.7996
  1.87 +14.7996
  1.87 +14.7996
  1.87 +14.7996
  1.88 +14.7996
  1.88 +14.7996
  1.88 +14.7996
  1.88 +14.7996
  1.88 +14.7996
  1.88 +14.7996
  1.88 +14.7996
  1.88 +14.7996
  1.88 +14.7996
  1.88 +14.7996
  1.88 +14.7996
  1.89 +14.7996
  1.89 +14.7996
  1.89 +14.7996
  1.89 +14.7996
  1.89 +14.7996
  1.89 +14.7996
  1.89 +14.7996
  1.89 +14.7996
  1.89 +14.7996
  1.90 +14.7996
  1.90 +14.7996
  1.90 +14.7996
  1.90 +14.7996
  1.90 +14.7996
  1.90 +14.7996
  1.90 +14.7996
  1.90 +14.7996
  1.90 +14.7996
  1.90 +14.7996
  1.90 +14.7996
  1.91 +14.7996
  1.91 +14.7996
  1.91 +14.7995
  1.91 +14.7995
  1.91 +14.7995
  1.91 +14.7995
  1.91 +14.7995
  1.91 +14.7995
  1.91 +14.7995
  1.92 +14.7995
  1.92 +14.7995
  1.92 +14.7995
  1.92 +14.7995
  1.92 +14.7995
  1.92 +14.7995
  1.92 +14.7995
  1.92 +14.7995
  1.92 +14.7995
  1.92 +14.7995
  1.92 +14.7995
  1.93 +14.7995
  1.93 +14.7995
  1.93 +14.7995
  1.93 +14.7995
  1.93 +14.7995
  1.93 +14.7995
  1.93 +14.7995
  1.93 +14.7995
  1.93 +14.7995
  1.94 +14.7995
  1.94 +14.7995
  1.94 +14.7995
  1.94 +14.7995
  1.94 +14.7995
  1.94 +14.7995
  1.94 +14.7995
  1.94 +14.7995
  1.94 +14.7995
  1.94 +14.7995
  1.94 +14.7995
  1.95 +14.7995
  1.95 +14.7995
  1.95 +14.7995
  1.95 +14.7995
  1.95 +14.7995
  1.95 +14.7995
  1.95 +14.7995
  1.95 +14.7995
  1.95 +14.7995
  1.96 +14.7995
  1.96 +14.7995
  1.96 +14.7995
  1.96 +14.7995
  1.96 +14.7995
  1.96 +14.7995
  1.96 +14.7995
  1.96 +14.7995
  1.96 +14.7995
  1.96 +14.7995
  1.96 +14.7995
  1.97 +14.7995
  1.97 +14.7995
  1.97 +14.7995
  1.97 +14.7995
  1.97 +14.7995
  1.97 +14.7995
  1.97 +14.7995
  1.97 +14.7995
  1.97 +14.7995
  1.98 +14.7995
  1.98 +14.7995
  1.98 +14.7995
  1.98 +14.7995
  1.98 +14.7995
  1.98 +14.7995
  1.98 +14.7995
  1.98 +14.7995
  1.98 +14.7995
  1.98 +14.7995
  1.98 +14.7995
  1.99 +14.7995
  1.99 +14.7995
  1.99 +14.7995
  1.99 +14.7995
  1.99 +14.7995
  1.99 +14.7995
  1.99 +14.7995
  1.99 +14.7994
  1.99 +14.7994
  2.00 +14.7994
  2.00 +14.7994
  2.00 +14.7994
  2.00 +14.7994
  2.00 +14.7994
  2.00 +14.7994
  2.00 +14.7994
  2.00 +14.7994
  2.00 +14.7994
  2.00 +14.7994
  2.00 +14.7994
  2.01 +14.7994
  2.01 +14.7994
  2.01 +14.7994
  2.01 +14.7994
  2.01 +14.7994
  2.01 +14.7994
  2.01 +14.7994
  2.01 +14.7994
  2.01 +14.7994
  2.02 +14.7994
  2.02 +14.7994
  2.02 +14.7994
  2.02 +14.7994
  2.02 +14.7994
  2.02 +14.7994
  2.02 +14.7994
  2.02 +14.7994
  2.02 +14.7994
  2.02 +14.7994
  2.02 +14.7994
  2.03 +14.7994
  2.03 +14.7994
  2.03 +14.7994
  2.03 +14.7994
  2.03 +14.7994
  2.03 +14.7994
  2.03 +14.7994
  2.03 +14.7994
  2.03 +14.7994
  2.04 +14.7994
  2.04 +14.7994
  2.04 +14.7994
  2.04 +14.7994
  2.04 +14.7994
  2.04 +14.7994
  2.04 +14.7994
  2.04 +14.7994
  2.04 +14.7994
  2.04 +14.7994
  2.04 +14.7994
  2.05 +14.7994
  2.05 +14.7994
  2.05 +14.7994
  2.05 +14.7994
  2.05 +14.7994
  2.05 +14.7994
  2.05 +14.7994
  2.05 +14.7994
  2.05 +14.7994
  2.05 +14.7994
  2.06 +14.7994
  2.06 +14.7994
  2.06 +14.7994
  2.06 +14.7994
  2.06 +14.7994
  2.06 +14.7994
  2.06 +14.7994
  2.06 +14.7994
  2.06 +14.7994
  2.06 +14.7994
  2.07 +14.7994
  2.07 +14.7993
  2.07 +14.7993
  2.07 +14.7993
  2.07 +14.7993
  2.07 +14.7993
  2.07 +14.7993
  2.07 +14.7993
  2.07 +14.7993
  2.07 +14.7993
  2.08 +14.7993
  2.08 +14.7993
  2.08 +14.7993
  2.08 +14.7993
  2.08 +14.7993
  2.08 +14.7993
  2.08 +14.7993
  2.08 +14.7993
  2.08 +14.7993
  2.08 +14.7993
  2.09 +14.7993
  2.09 +14.7993
  2.09 +14.7993
  2.09 +14.7993
  2.09 +14.7993
  2.09 +14.7993
  2.09 +14.7993
  2.09 +14.7993
  2.09 +14.7993
  2.09 +14.7993
  2.10 +14.7993
  2.10 +14.7993
  2.10 +14.7993
  2.10 +14.7993
  2.10 +14.7993
  2.10 +14.7993
  2.10 +14.7993
  2.10 +14.7993
  2.10 +14.7993
  2.10 +14.7993
  2.11 +14.7993
  2.11 +14.7993
  2.11 +14.7993
  2.11 +14.7993
  2.11 +14.7993
  2.11 +14.7993
  2.11 +14.7993
  2.11 +14.7993
  2.11 +14.7993
  2.11 +14.7993
  2.12 +14.7993
  2.12 +14.7993
  2.12 +14.7993
  2.12 +14.7993
  2.12 +14.7993
  2.12 +14.7993
  2.12 +14.7993
  2.12 +14.7993
  2.12 +14.7993
  2.12 +14.7993
  2.13 +14.7993
  2.13 +14.7993
  2.13 +14.7993
  2.13 +14.7993
  2.13 +14.7993
  2.13 +14.7993
  2.13 +14.7993
  2.13 +14.7993
  2.13 +14.7992
  2.13 +14.7992
  2.14 +14.7992
  2.14 +14.7992
  2.14 +14.7992
  2.14 +14.7992
  2.14 +14.7992
  2.14 +14.7992
  2.14 +14.7992
  2.14 +14.7992
  2.14 +14.7992
  2.15 +14.7992
  2.15 +14.7992
  2.15 +14.7992
  2.15 +14.7992
  2.15 +14.7992
  2.15 +14.7992
  2.15 +14.7992
  2.15 +14.7992
  2.15 +14.7992
  2.15 +14.7992
  2.15 +14.7992
  2.16 +14.7992
  2.16 +14.7992
  2.16 +14.7992
  2.16 +14.7992
  2.16 +14.7992
  2.16 +14.7992
  2.16 +14.7992
  2.16 +14.7992
  2.16 +14.7992
  2.17 +14.7992
  2.17 +14.7992
  2.17 +14.7992
  2.17 +14.7992
  2.17 +14.7992
  2.17 +14.7992
  2.17 +14.7992
  2.17 +14.7992
  2.17 +14.7992
  2.17 +14.7992
  2.17 +14.7992
  2.18 +14.7992
  2.18 +14.7992
  2.18 +14.7992
  2.18 +14.7992
  2.18 +14.7992
  2.18 +14.7992
  2.18 +14.7992
  2.18 +14.7992
  2.18 +14.7992
  2.19 +14.7992
  2.19 +14.7992
  2.19 +14.7992
  2.19 +14.7992
  2.19 +14.7992
  2.19 +14.7992
  2.19 +14.7992
  2.19 +14.7992
  2.19 +14.7992
  2.19 +14.7991
  2.19 +14.7991
  2.20 +14.7991
  2.20 +14.7991
  2.20 +14.7991
  2.20 +14.7991
  2.20 +14.7991
  2.20 +14.7991
  2.20 +14.7991
  2.20 +14.7991
  2.20 +14.7991
  2.21 +14.7991
  2.21 +14.7991
  2.21 +14.7991
  2.21 +14.7991
  2.21 +14.7991
  2.21 +14.7991
  2.21 +14.7991
  2.21 +14.7991
  2.21 +14.7991
  2.21 +14.7991
  2.21 +14.7991
  2.22 +14.7991
  2.22 +14.7991
  2.22 +14.7991
  2.22 +14.7991
  2.22 +14.7991
  2.22 +14.7991
  2.22 +14.7991
  2.22 +14.7991
  2.22 +14.7991
  2.23 +14.7991
  2.23 +14.7991
  2.23 +14.7991
  2.23 +14.7991
  2.23 +14.7991
  2.23 +14.7991
  2.23 +14.7991
  2.23 +14.7991
  2.23 +14.7991
  2.23 +14.7991
  2.23 +14.7991
  2.24 +14.7991
  2.24 +14.7991
  2.24 +14.7991
  2.24 +14.7991
  2.24 +14.7991
  2.24 +14.7991
  2.24 +14.7991
  2.24 +14.7991
  2.24 +14.7991
  2.25 +14.7991
  2.25 +14.7991
  2.25 +14.7991
  2.25 +14.7991
  2.25 +14.7991
  2.25 +14.7990
  2.25 +14.7990
  2.25 +14.7990
  2.25 +14.7990
  2.25 +14.7990
  2.25 +14.7990
  2.26 +14.7990
  2.26 +14.7990
  2.26 +14.7990
  2.26 +14.7990
  2.26 +14.7990
  2.26 +14.7990
  2.26 +14.7990
  2.26 +14.7990
  2.26 +14.7990
  2.27 +14.7990
  2.27 +14.7990
  2.27 +14.7990
  2.27 +14.7990
  2.27 +14.7990
  2.27 +14.7990
  2.27 +14.7990
  2.27 +14.7990
  2.27 +14.7990
  2.27 +14.7990
  2.27 +14.7990
  2.28 +14.7990
  2.28 +14.7990
  2.28 +14.7990
  2.28 +14.7990
  2.28 +14.7990
  2.28 +14.7990
  2.28 +14.7990
  2.28 +14.7990
  2.28 +14.7990
  2.29 +14.7990
  2.29 +14.7990
  2.29 +14.7990
  2.29 +14.7990
  2.29 +14.7990
  2.29 +14.7990
  2.29 +14.7990
  2.29 +14.7990
  2.29 +14.7990
  2.29 +14.7990
  2.29 +14.7990
  2.30 +14.7990
  2.30 +14.7990
  2.30 +14.7990
  2.30 +14.7990
  2.30 +14.7990
  2.30 +14.7989
  2.30 +14.7989
  2.30 +14.7989
  2.30 +14.7989
  2.31 +14.7989
  2.31 +14.7989
  2.31 +14.7989
  2.31 +14.7989
  2.31 +14.7989
  2.31 +14.7989
  2.31 +14.7989
  2.31 +14.7989
  2.31 +14.7989
  2.31 +14.7989
  2.31 +14.7989
  2.32 +14.7989
  2.32 +14.7989
  2.32 +14.7989
  2.32 +14.7989
  2.32 +14.7989
  2.32 +14.7989
  2.32 +14.7989
  2.32 +14.7989
  2.32 +14.7989
  2.33 +14.7989
  2.33 +14.7989
  2.33 +14.7989
  2.33 +14.7989
  2.33 +14.7989
  2.33 +14.7989
  2.33 +14.7989
  2.33 +14.7989
  2.33 +14.7989
  2.33 +14.7989
  2.33 +14.7989
  2.34 +14.7989
  2.34 +14.7989
  2.34 +14.7989
  2.34 +14.7989
  2.34 +14.7989
  2.34 +14.7989
  2.34 +14.7989
  2.34 +14.7989
  2.34 +14.7989
  2.35 +14.7989
  2.35 +14.7989
  2.35 +14.7989
  2.35 +14.7989
  2.35 +14.7988
  2.35 +14.7988
  2.35 +14.7988
  2.35 +14.7988
  2.35 +14.7988
  2.35 +14.7988
  2.35 +14.7988
  2.36 +14.7988
  2.36 +14.7988
  2.36 +14.7988
  2.36 +14.7988
  2.36 +14.7988
  2.36 +14.7988
  2.36 +14.7988
  2.36 +14.7988
  2.36 +14.7988
  2.36 +14.7988
  2.37 +14.7988
  2.37 +14.7988
  2.37 +14.7988
  2.37 +14.7988
  2.37 +14.7988
  2.37 +14.7988
  2.37 +14.7988
  2.37 +14.7988
  2.37 +14.7988
  2.38 +14.7988
  2.38 +14.7988
  2.38 +14.7988
  2.38 +14.7988
  2.38 +14.7988
  2.38 +14.7988
  2.38 +14.7988
  2.38 +14.7988
  2.38 +14.7988
  2.38 +14.7988
  2.38 +14.7988
  2.39 +14.7988
  2.39 +14.7988
  2.39 +14.7988
  2.39 +14.7988
  2.39 +14.7988
  2.39 +14.7988
  2.39 +14.7988
  2.39 +14.7988
  2.39 +14.7987
  2.39 +14.7987
  2.40 +14.7987
  2.40 +14.7987
  2.40 +14.7987
  2.40 +14.7987
  2.40 +14.7987
  2.40 +14.7987
  2.40 +14.7987
  2.40 +14.7987
  2.40 +14.7987
  2.40 +14.7987
  2.41 +14.7987
  2.41 +14.7987
  2.41 +14.7987
  2.41 +14.7987
  2.41 +14.7987
  2.41 +14.7987
  2.41 +14.7987
  2.41 +14.7987
  2.41 +14.7987
  2.42 +14.7987
  2.42 +14.7987
  2.42 +14.7987
  2.42 +14.7987
  2.42 +14.7987
  2.42 +14.7987
  2.42 +14.7987
  2.42 +14.7987
  2.42 +14.7987
  2.42 +14.7987
  2.42 +14.7987
  2.43 +14.7987
  2.43 +14.7987
  2.43 +14.7987
  2.43 +14.7987
  2.43 +14.7987
  2.43 +14.7987
  2.43 +14.7987
  2.43 +14.7987
  2.43 +14.7987
  2.43 +14.7987
  2.44 +14.7986
  2.44 +14.7986
  2.44 +14.7986
  2.44 +14.7986
  2.44 +14.7986
  2.44 +14.7986
  2.44 +14.7986
  2.44 +14.7986
  2.44 +14.7986
  2.44 +14.7986
  2.45 +14.7986
  2.45 +14.7986
  2.45 +14.7986
  2.45 +14.7986
  2.45 +14.7986
  2.45 +14.7986
  2.45 +14.7986
  2.45 +14.7986
  2.45 +14.7986
  2.46 +14.7986
  2.46 +14.7986
  2.46 +14.7986
  2.46 +14.7986
  2.46 +14.7986
  2.46 +14.7986
  2.46 +14.7986
  2.46 +14.7986
  2.46 +14.7986
  2.46 +14.7986
  2.46 +14.7986
  2.47 +14.7986
  2.47 +14.7986
  2.47 +14.7986
  2.47 +14.7986
  2.47 +14.7986
  2.47 +14.7986
  2.47 +14.7986
  2.47 +14.7986
  2.47 +14.7986
  2.47 +14.7986
  2.48 +14.7985
  2.48 +14.7985
  2.48 +14.7985
  2.48 +14.7985
  2.48 +14.7985
  2.48 +14.7985
  2.48 +14.7985
  2.48 +14.7985
  2.48 +14.7985
  2.48 +14.7985
  2.49 +14.7985
  2.49 +14.7985
  2.49 +14.7985
  2.49 +14.7985
  2.49 +14.7985
  2.49 +14.7985
  2.49 +14.7985
  2.49 +14.7985
  2.49 +14.7985
  2.50 +14.7985
  2.50 +14.7985
  2.50 +14.7985
  2.50 +14.7985
  2.50 +14.7985
  2.50 +14.7985
  2.50 +14.7985
  2.50 +14.7985
  2.50 +14.7985
  2.50 +14.7985
  2.50 +14.7985
  2.51 +14.7985
  2.51 +14.7985
  2.51 +14.7985
  2.51 +14.7985
  2.51 +14.7985
  2.51 +14.7985
  2.51 +14.7985
  2.51 +14.7985
  2.51 +14.7984
  2.51 +14.7984
  2.52 +14.7984
  2.52 +14.7984
  2.52 +14.7984
  2.52 +14.7984
  2.52 +14.7984
  2.52 +14.7984
  2.52 +14.7984
  2.52 +14.7984
  2.52 +14.7984
  2.52 +14.7984
  2.53 +14.7984
  2.53 +14.7984
  2.53 +14.7984
  2.53 +14.7984
  2.53 +14.7984
  2.53 +14.7984
  2.53 +14.7984
  2.53 +14.7984
  2.53 +14.7984
  2.54 +14.7984
  2.54 +14.7984
  2.54 +14.7984
  2.54 +14.7984
  2.54 +14.7984
  2.54 +14.7984
  2.54 +14.7984
  2.54 +14.7984
  2.54 +14.7984
  2.54 +14.7984
  2.54 +14.7984
  2.55 +14.7984
  2.55 +14.7984
  2.55 +14.7984
  2.55 +14.7984
  2.55 +14.7983
  2.55 +14.7983
  2.55 +14.7983
  2.55 +14.7983
  2.55 +14.7983
  2.55 +14.7983
  2.56 +14.7983
  2.56 +14.7983
  2.56 +14.7983
  2.56 +14.7983
  2.56 +14.7983
  2.56 +14.7983
  2.56 +14.7983
  2.56 +14.7983
  2.56 +14.7983
  2.56 +14.7983
  2.57 +14.7983
  2.57 +14.7983
  2.57 +14.7983
  2.57 +14.7983
  2.57 +14.7983
  2.57 +14.7983
  2.57 +14.7983
  2.57 +14.7983
  2.57 +14.7983
  2.58 +14.7983
  2.58 +14.7983
  2.58 +14.7983
  2.58 +14.7983
  2.58 +14.7983
  2.58 +14.7983
  2.58 +14.7983
  2.58 +14.7983
  2.58 +14.7983
  2.58 +14.7982
  2.58 +14.7982
  2.59 +14.7982
  2.59 +14.7982
  2.59 +14.7982
  2.59 +14.7982
  2.59 +14.7982
  2.59 +14.7982
  2.59 +14.7982
  2.59 +14.7982
  2.59 +14.7982
  2.59 +14.7982
  2.60 +14.7982
  2.60 +14.7982
  2.60 +14.7982
  2.60 +14.7982
  2.60 +14.7982
  2.60 +14.7982
  2.60 +14.7982
  2.60 +14.7982
  2.60 +14.7982
  2.60 +14.7982
  2.61 +14.7982
  2.61 +14.7982
  2.61 +14.7982
  2.61 +14.7982
  2.61 +14.7982
  2.61 +14.7982
  2.61 +14.7982
  2.61 +14.7982
  2.61 +14.7982
  2.62 +14.7982
  2.62 +14.7982
  2.62 +14.7982
  2.62 +14.7981
  2.62 +14.7981
  2.62 +14.7981
  2.62 +14.7981
  2.62 +14.7981
  2.62 +14.7981
  2.62 +14.7981
  2.62 +14.7981
  2.63 +14.7981
  2.63 +14.7981
  2.63 +14.7981
  2.63 +14.7981
  2.63 +14.7981
  2.63 +14.7981
  2.63 +14.7981
  2.63 +14.7981
  2.63 +14.7981
  2.63 +14.7981
  2.64 +14.7981
  2.64 +14.7981
  2.64 +14.7981
  2.64 +14.7981
  2.64 +14.7981
  2.64 +14.7981
  2.64 +14.7981
  2.64 +14.7981
  2.64 +14.7981
  2.65 +14.7981
  2.65 +14.7981
  2.65 +14.7981
  2.65 +14.7981
  2.65 +14.7981
  2.65 +14.7980
  2.65 +14.7980
  2.65 +14.7980
  2.65 +14.7980
  2.65 +14.7980
  2.66 +14.7980
  2.66 +14.7980
  2.66 +14.7980
  2.66 +14.7980
  2.66 +14.7980
  2.66 +14.7980
  2.66 +14.7980
  2.66 +14.7980
  2.66 +14.7980
  2.66 +14.7980
  2.67 +14.7980
  2.67 +14.7980
  2.67 +14.7980
  2.67 +14.7980
  2.67 +14.7980
  2.67 +14.7980
  2.67 +14.7980
  2.67 +14.7980
  2.67 +14.7980
  2.67 +14.7980
  2.67 +14.7980
  2.68 +14.7980
  2.68 +14.7980
  2.68 +14.7980
  2.68 +14.7980
  2.68 +14.7979
  2.68 +14.7979
  2.68 +14.7979
  2.68 +14.7979
  2.68 +14.7979
  2.69 +14.7979
  2.69 +14.7979
  2.69 +14.7979
  2.69 +14.7979
  2.69 +14.7979
  2.69 +14.7979
  2.69 +14.7979
  2.69 +14.7979
  2.69 +14.7979
  2.69 +14.7979
  2.70 +14.7979
  2.70 +14.7979
  2.70 +14.7979
  2.70 +14.7979
  2.70 +14.7979
  2.70 +14.7979
  2.70 +14.7979
  2.70 +14.7979
  2.70 +14.7979
  2.70 +14.7979
  2.71 +14.7979
  2.71 +14.7979
  2.71 +14.7979
  2.71 +14.7979
  2.71 +14.7979
  2.71 +14.7978
  2.71 +14.7978
  2.71 +14.7978
  2.71 +14.7978
  2.71 +14.7978
  2.71 +14.7978
  2.72 +14.7978
  2.72 +14.7978
  2.72 +14.7978
  2.72 +14.7978
  2.72 +14.7978
  2.72 +14.7978
  2.72 +14.7978
  2.72 +14.7978
  2.72 +14.7978
  2.73 +14.7978
  2.73 +14.7978
  2.73 +14.7978
  2.73 +14.7978
  2.73 +14.7978
  2.73 +14.7978
  2.73 +14.7978
  2.73 +14.7978
  2.73 +14.7978
  2.73 +14.7978
  2.74 +14.7978
  2.74 +14.7978
  2.74 +14.7978
  2.74 +14.7978
  2.74 +14.7977
  2.74 +14.7977
  2.74 +14.7977
  2.74 +14.7977
  2.74 +14.7977
  2.74 +14.7977
  2.75 +14.7977
  2.75 +14.7977
  2.75 +14.7977
  2.75 +14.7977
  2.75 +14.7977
  2.75 +14.7977
  2.75 +14.7977
  2.75 +14.7977
  2.75 +14.7977
  2.75 +14.7977
  2.75 +14.7977
  2.76 +14.7977
  2.76 +14.7977
  2.76 +14.7977
  2.76 +14.7977
  2.76 +14.7977
  2.76 +14.7977
  2.76 +14.7977
  2.76 +14.7977
  2.76 +14.7977
  2.77 +14.7977
  2.77 +14.7976
  2.77 +14.7976
  2.77 +14.7976
  2.77 +14.7976
  2.77 +14.7976
  2.77 +14.7976
  2.77 +14.7976
  2.77 +14.7976
  2.77 +14.7976
  2.78 +14.7976
  2.78 +14.7976
  2.78 +14.7976
  2.78 +14.7976
  2.78 +14.7976
  2.78 +14.7976
  2.78 +14.7976
  2.78 +14.7976
  2.78 +14.7976
  2.78 +14.7976
  2.79 +14.7976
  2.79 +14.7976
  2.79 +14.7976
  2.79 +14.7976
  2.79 +14.7976
  2.79 +14.7976
  2.79 +14.7976
  2.79 +14.7976
  2.79 +14.7975
  2.79 +14.7975
  2.79 +14.7975
  2.80 +14.7975
  2.80 +14.7975
  2.80 +14.7975
  2.80 +14.7975
  2.80 +14.7975
  2.80 +14.7975
  2.80 +14.7975
  2.80 +14.7975
  2.80 +14.7975
  2.81 +14.7975
  2.81 +14.7975
  2.81 +14.7975
  2.81 +14.7975
  2.81 +14.7975
  2.81 +14.7975
  2.81 +14.7975
  2.81 +14.7975
  2.81 +14.7975
  2.81 +14.7975
  2.82 +14.7975
  2.82 +14.7975
  2.82 +14.7975
  2.82 +14.7975
  2.82 +14.7974
  2.82 +14.7974
  2.82 +14.7974
  2.82 +14.7974
  2.82 +14.7974
  2.82 +14.7974
  2.82 +14.7974
  2.83 +14.7974
  2.83 +14.7974
  2.83 +14.7974
  2.83 +14.7974
  2.83 +14.7974
  2.83 +14.7974
  2.83 +14.7974
  2.83 +14.7974
  2.83 +14.7974
  2.83 +14.7974
  2.84 +14.7974
  2.84 +14.7974
  2.84 +14.7974
  2.84 +14.7974
  2.84 +14.7974
  2.84 +14.7974
  2.84 +14.7974
  2.84 +14.7974
  2.84 +14.7974
  2.84 +14.7973
  2.85 +14.7973
  2.85 +14.7973
  2.85 +14.7973
  2.85 +14.7973
  2.85 +14.7973
  2.85 +14.7973
  2.85 +14.7973
  2.85 +14.7973
  2.85 +14.7973
  2.85 +14.7973
  2.86 +14.7973
  2.86 +14.7973
  2.86 +14.7973
  2.86 +14.7973
  2.86 +14.7973
  2.86 +14.7973
  2.86 +14.7973
  2.86 +14.7973
  2.86 +14.7973
  2.86 +14.7973
  2.87 +14.7973
  2.87 +14.7973
  2.87 +14.7973
  2.87 +14.7973
  2.87 +14.7972
  2.87 +14.7972
  2.87 +14.7972
  2.87 +14.7972
  2.87 +14.7972
  2.87 +14.7972
  2.88 +14.7972
  2.88 +14.7972
  2.88 +14.7972
  2.88 +14.7972
  2.88 +14.7972
  2.88 +14.7972
  2.88 +14.7972
  2.88 +14.7972
  2.88 +14.7972
  2.88 +14.7972
  2.89 +14.7972
  2.89 +14.7972
  2.89 +14.7972
  2.89 +14.7972
  2.89 +14.7972
  2.89 +14.7972
  2.89 +14.7972
  2.89 +14.7972
  2.89 +14.7971
  2.89 +14.7971
  2.90 +14.7971
  2.90 +14.7971
  2.90 +14.7971
  2.90 +14.7971
  2.90 +14.7971
  2.90 +14.7971
  2.90 +14.7971
  2.90 +14.7971
  2.90 +14.7971
  2.90 +14.7971
  2.91 +14.7971
  2.91 +14.7971
  2.91 +14.7971
  2.91 +14.7971
  2.91 +14.7971
  2.91 +14.7971
  2.91 +14.7971
  2.91 +14.7971
  2.91 +14.7971
  2.91 +14.7971
  2.92 +14.7971
  2.92 +14.7970
  2.92 +14.7970
  2.92 +14.7970
  2.92 +14.7970
  2.92 +14.7970
  2.92 +14.7970
  2.92 +14.7970
  2.92 +14.7970
  2.92 +14.7970
  2.93 +14.7970
  2.93 +14.7970
  2.93 +14.7970
  2.93 +14.7970
  2.93 +14.7970
  2.93 +14.7970
  2.93 +14.7970
  2.93 +14.7970
  2.93 +14.7970
  2.93 +14.7970
  2.94 +14.7970
  2.94 +14.7970
  2.94 +14.7970
  2.94 +14.7970
  2.94 +14.7969
  2.94 +14.7969
  2.94 +14.7969
  2.94 +14.7969
  2.94 +14.7969
  2.94 +14.7969
  2.95 +14.7969
  2.95 +14.7969
  2.95 +14.7969
  2.95 +14.7969
  2.95 +14.7969
  2.95 +14.7969
  2.95 +14.7969
  2.95 +14.7969
  2.95 +14.7969
  2.95 +14.7969
  2.96 +14.7969
  2.96 +14.7969
  2.96 +14.7969
  2.96 +14.7969
  2.96 +14.7969
  2.96 +14.7969
  2.96 +14.7969
  2.96 +14.7968
  2.96 +14.7968
  2.96 +14.7968
  2.97 +14.7968
  2.97 +14.7968
  2.97 +14.7968
  2.97 +14.7968
  2.97 +14.7968
  2.97 +14.7968
  2.97 +14.7968
  2.97 +14.7968
  2.97 +14.7968
  2.97 +14.7968
  2.98 +14.7968
  2.98 +14.7968
  2.98 +14.7968
  2.98 +14.7968
  2.98 +14.7968
  2.98 +14.7968
  2.98 +14.7968
  2.98 +14.7968
  2.98 +14.7967
  2.98 +14.7967
  2.99 +14.7967
  2.99 +14.7967
  2.99 +14.7967
  2.99 +14.7967
  2.99 +14.7967
  2.99 +14.7967
  2.99 +14.7967
  2.99 +14.7967
  2.99 +14.7967
  2.99 +14.7967
  3.00 +14.7967
  3.00 +14.7967
  3.00 +14.7967
  3.00 +14.7967
  3.00 +14.7967
  3.00 +14.7967
  3.00 +14.7967
  3.00 +14.7967
  3.00 +14.7967
  3.00 +14.7967
  3.01 +14.7966
  3.01 +14.7966
  3.01 +14.7966
  3.01 +14.7966
  3.01 +14.7966
  3.01 +14.7966
  3.01 +14.7966
  3.01 +14.7966
  3.01 +14.7966
  3.01 +14.7966
  3.02 +14.7966
  3.02 +14.7966
  3.02 +14.7966
  3.02 +14.7966
  3.02 +14.7966
  3.02 +14.7966
  3.02 +14.7966
  3.02 +14.7966
  3.02 +14.7966
  3.02 +14.7966
  3.03 +14.7966
  3.03 +14.7965
  3.03 +14.7965
  3.03 +14.7965
  3.03 +14.7965
  3.03 +14.7965
  3.03 +14.7965
  3.03 +14.7965
  3.03 +14.7965
  3.03 +14.7965
  3.04 +14.7965
  3.04 +14.7965
  3.04 +14.7965
  3.04 +14.7965
  3.04 +14.7965
  3.04 +14.7965
  3.04 +14.7965
  3.04 +14.7965
  3.04 +14.7965
  3.04 +14.7965
  3.05 +14.7965
  3.05 +14.7965
  3.05 +14.7964
  3.05 +14.7964
  3.05 +14.7964
  3.05 +14.7964
  3.05 +14.7964
  3.05 +14.7964
  3.05 +14.7964
  3.05 +14.7964
  3.06 +14.7964
  3.06 +14.7964
  3.06 +14.7964
  3.06 +14.7964
  3.06 +14.7964
  3.06 +14.7964
  3.06 +14.7964
  3.06 +14.7964
  3.06 +14.7964
  3.06 +14.7964
  3.07 +14.7964
  3.07 +14.7964
  3.07 +14.7963
  3.07 +14.7963
  3.07 +14.7963
  3.07 +14.7963
  3.07 +14.7963
  3.07 +14.7963
  3.07 +14.7963
  3.07 +14.7963
  3.08 +14.7963
  3.08 +14.7963
  3.08 +14.7963
  3.08 +14.7963
  3.08 +14.7963
  3.08 +14.7963
  3.08 +14.7963
  3.08 +14.7963
  3.08 +14.7963
  3.08 +14.7963
  3.09 +14.7963
  3.09 +14.7962
  3.09 +14.7962
  3.09 +14.7962
  3.09 +14.7962
  3.09 +14.7962
  3.09 +14.7962
  3.09 +14.7962
  3.09 +14.7962
  3.09 +14.7962
  3.10 +14.7962
  3.10 +14.7962
  3.10 +14.7962
  3.10 +14.7962
  3.10 +14.7962
  3.10 +14.7962
  3.10 +14.7962
  3.10 +14.7962
  3.10 +14.7962
  3.10 +14.7962
  3.11 +14.7962
  3.11 +14.7961
  3.11 +14.7961
  3.11 +14.7961
  3.11 +14.7961
  3.11 +14.7961
  3.11 +14.7961
  3.11 +14.7961
  3.11 +14.7961
  3.11 +14.7961
  3.12 +14.7961
  3.12 +14.7961
  3.12 +14.7961
  3.12 +14.7961
  3.12 +14.7961
  3.12 +14.7961
  3.12 +14.7961
  3.12 +14.7961
  3.12 +14.7961
  3.12 +14.7961
  3.13 +14.7960
  3.13 +14.7960
  3.13 +14.7960
  3.13 +14.7960
  3.13 +14.7960
  3.13 +14.7960
  3.13 +14.7960
  3.13 +14.7960
  3.13 +14.7960
  3.13 +14.7960
  3.14 +14.7960
  3.14 +14.7960
  3.14 +14.7960
  3.14 +14.7960
  3.14 +14.7960
  3.14 +14.7960
  3.14 +14.7960
  3.14 +14.7960
  3.14 +14.7960
  3.15 +14.7959
  3.15 +14.7959
  3.15 +14.7959
  3.15 +14.7959
  3.15 +14.7959
  3.15 +14.7959
  3.15 +14.7959
  3.15 +14.7959
  3.15 +14.7959
  3.15 +14.7959
  3.15 +14.7959
  3.16 +14.7959
  3.16 +14.7959
  3.16 +14.7959
  3.16 +14.7959
  3.16 +14.7959
  3.16 +14.7959
  3.16 +14.7959
  3.16 +14.7958
  3.16 +14.7958
  3.17 +14.7958
  3.17 +14.7958
  3.17 +14.7958
  3.17 +14.7958
  3.17 +14.7958
  3.17 +14.7958
  3.17 +14.7958
  3.17 +14.7958
  3.17 +14.7958
  3.17 +14.7958
  3.17 +14.7958
  3.18 +14.7958
  3.18 +14.7958
  3.18 +14.7958
  3.18 +14.7958
  3.18 +14.7958
  3.18 +14.7957
  3.18 +14.7957
  3.18 +14.7957
  3.18 +14.7957
  3.19 +14.7957
  3.19 +14.7957
  3.19 +14.7957
  3.19 +14.7957
  3.19 +14.7957
  3.19 +14.7957
  3.19 +14.7957
  3.19 +14.7957
  3.19 +14.7957
  3.19 +14.7957
  3.19 +14.7957
  3.20 +14.7957
  3.20 +14.7957
  3.20 +14.7957
  3.20 +14.7956
  3.20 +14.7956
  3.20 +14.7956
  3.20 +14.7956
  3.20 +14.7956
  3.20 +14.7956
  3.21 +14.7956
  3.21 +14.7956
  3.21 +14.7956
  3.21 +14.7956
  3.21 +14.7956
  3.21 +14.7956
  3.21 +14.7956
  3.21 +14.7956
  3.21 +14.7956
  3.21 +14.7956
  3.21 +14.7956
  3.22 +14.7955
  3.22 +14.7955
  3.22 +14.7955
  3.22 +14.7955
  3.22 +14.7955
  3.22 +14.7955
  3.22 +14.7955
  3.22 +14.7955
  3.22 +14.7955
  3.23 +14.7955
  3.23 +14.7955
  3.23 +14.7955
  3.23 +14.7955
  3.23 +14.7955
  3.23 +14.7955
  3.23 +14.7955
  3.23 +14.7955
  3.23 +14.7955
  3.23 +14.7954
  3.23 +14.7954
  3.24 +14.7954
  3.24 +14.7954
  3.24 +14.7954
  3.24 +14.7954
  3.24 +14.7954
  3.24 +14.7954
  3.24 +14.7954
  3.24 +14.7954
  3.24 +14.7954
  3.25 +14.7954
  3.25 +14.7954
  3.25 +14.7954
  3.25 +14.7954
  3.25 +14.7954
  3.25 +14.7954
  3.25 +14.7953
  3.25 +14.7953
  3.25 +14.7953
  3.25 +14.7953
  3.25 +14.7953
  3.26 +14.7953
  3.26 +14.7953
  3.26 +14.7953
  3.26 +14.7953
  3.26 +14.7953
  3.26 +14.7953
  3.26 +14.7953
  3.26 +14.7953
  3.26 +14.7953
  3.27 +14.7953
  3.27 +14.7953
  3.27 +14.7952
  3.27 +14.7952
  3.27 +14.7952
  3.27 +14.7952
  3.27 +14.7952
  3.27 +14.7952
  3.27 +14.7952
  3.27 +14.7952
  3.27 +14.7952
  3.28 +14.7952
  3.28 +14.7952
  3.28 +14.7952
  3.28 +14.7952
  3.28 +14.7952
  3.28 +14.7952
  3.28 +14.7952
  3.28 +14.7952
  3.28 +14.7951
  3.29 +14.7951
  3.29 +14.7951
  3.29 +14.7951
  3.29 +14.7951
  3.29 +14.7951
  3.29 +14.7951
  3.29 +14.7951
  3.29 +14.7951
  3.29 +14.7951
  3.29 +14.7951
  3.29 +14.7951
  3.30 +14.7951
  3.30 +14.7951
  3.30 +14.7951
  3.30 +14.7951
  3.30 +14.7950
  3.30 +14.7950
  3.30 +14.7950
  3.30 +14.7950
  3.30 +14.7950
  3.31 +14.7950
  3.31 +14.7950
  3.31 +14.7950
  3.31 +14.7950
  3.31 +14.7950
  3.31 +14.7950
  3.31 +14.7950
  3.31 +14.7950
  3.31 +14.7950
  3.31 +14.7950
  3.31 +14.7950
  3.32 +14.7949
  3.32 +14.7949
  3.32 +14.7949
  3.32 +14.7949
  3.32 +14.7949
  3.32 +14.7949
  3.32 +14.7949
  3.32 +14.7949
  3.32 +14.7949
  3.33 +14.7949
  3.33 +14.7949
  3.33 +14.7949
  3.33 +14.7949
  3.33 +14.7949
  3.33 +14.7949
  3.33 +14.7949
  3.33 +14.7948
  3.33 +14.7948
  3.33 +14.7948
  3.33 +14.7948
  3.34 +14.7948
  3.34 +14.7948
  3.34 +14.7948
  3.34 +14.7948
  3.34 +14.7948
  3.34 +14.7948
  3.34 +14.7948
  3.34 +14.7948
  3.34 +14.7948
  3.35 +14.7948
  3.35 +14.7948
  3.35 +14.7947
  3.35 +14.7947
  3.35 +14.7947
  3.35 +14.7947
  3.35 +14.7947
  3.35 +14.7947
  3.35 +14.7947
  3.35 +14.7947
  3.35 +14.7947
  3.36 +14.7947
  3.36 +14.7947
  3.36 +14.7947
  3.36 +14.7947
  3.36 +14.7947
  3.36 +14.7947
  3.36 +14.7946
  3.36 +14.7946
  3.36 +14.7946
  3.37 +14.7946
  3.37 +14.7946
  3.37 +14.7946
  3.37 +14.7946
  3.37 +14.7946
  3.37 +14.7946
  3.37 +14.7946
  3.37 +14.7946
  3.37 +14.7946
  3.37 +14.7946
  3.38 +14.7946
  3.38 +14.7946
  3.38 +14.7946
  3.38 +14.7945
  3.38 +14.7945
  3.38 +14.7945
  3.38 +14.7945
  3.38 +14.7945
  3.38 +14.7945
  3.38 +14.7945
  3.39 +14.7945
  3.39 +14.7945
  3.39 +14.7945
  3.39 +14.7945
  3.39 +14.7945
  3.39 +14.7945
  3.39 +14.7945
  3.39 +14.7944
  3.39 +14.7944
  3.39 +14.7944
  3.40 +14.7944
  3.40 +14.7944
  3.40 +14.7944
  3.40 +14.7944
  3.40 +14.7944
  3.40 +14.7944
  3.40 +14.7944
  3.40 +14.7944
  3.40 +14.7944
  3.40 +14.7944
  3.41 +14.7944
  3.41 +14.7944
  3.41 +14.7943
  3.41 +14.7943
  3.41 +14.7943
  3.41 +14.7943
  3.41 +14.7943
  3.41 +14.7943
  3.41 +14.7943
  3.41 +14.7943
  3.42 +14.7943
  3.42 +14.7943
  3.42 +14.7943
  3.42 +14.7943
  3.42 +14.7943
  3.42 +14.7943
  3.42 +14.7943
  3.42 +14.7942
  3.42 +14.7942
  3.42 +14.7942
  3.43 +14.7942
  3.43 +14.7942
  3.43 +14.7942
  3.43 +14.7942
  3.43 +14.7942
  3.43 +14.7942
  3.43 +14.7942
  3.43 +14.7942
  3.43 +14.7942
  3.43 +14.7942
  3.44 +14.7942
  3.44 +14.7941
  3.44 +14.7941
  3.44 +14.7941
  3.44 +14.7941
  3.44 +14.7941
  3.44 +14.7941
  3.44 +14.7941
  3.44 +14.7941
  3.44 +14.7941
  3.44 +14.7941
  3.45 +14.7941
  3.45 +14.7941
  3.45 +14.7941
  3.45 +14.7941
  3.45 +14.7940
  3.45 +14.7940
  3.45 +14.7940
  3.45 +14.7940
  3.45 +14.7940
  3.45 +14.7940
  3.46 +14.7940
  3.46 +14.7940
  3.46 +14.7940
  3.46 +14.7940
  3.46 +14.7940
  3.46 +14.7940
  3.46 +14.7940
  3.46 +14.7940
  3.46 +14.7939
  3.46 +14.7939
  3.47 +14.7939
  3.47 +14.7939
  3.47 +14.7939
  3.47 +14.7939
  3.47 +14.7939
  3.47 +14.7939
  3.47 +14.7939
  3.47 +14.7939
  3.47 +14.7939
  3.47 +14.7939
  3.48 +14.7939
  3.48 +14.7939
  3.48 +14.7938
  3.48 +14.7938
  3.48 +14.7938
  3.48 +14.7938
  3.48 +14.7938
  3.48 +14.7938
  3.48 +14.7938
  3.48 +14.7938
  3.49 +14.7938
  3.49 +14.7938
  3.49 +14.7938
  3.49 +14.7938
  3.49 +14.7938
  3.49 +14.7938
  3.49 +14.7937
  3.49 +14.7937
  3.49 +14.7937
  3.49 +14.7937
  3.50 +14.7937
  3.50 +14.7937
  3.50 +14.7937
  3.50 +14.7937
  3.50 +14.7937
  3.50 +14.7937
  3.50 +14.7937
  3.50 +14.7937
  3.50 +14.7937
  3.50 +14.7936
  3.51 +14.7936
  3.51 +14.7936
  3.51 +14.7936
  3.51 +14.7936
  3.51 +14.7936
  3.51 +14.7936
  3.51 +14.7936
  3.51 +14.7936
  3.51 +14.7936
  3.51 +14.7936
  3.52 +14.7936
  3.52 +14.7936
  3.52 +14.7936
  3.52 +14.7935
  3.52 +14.7935
  3.52 +14.7935
  3.52 +14.7935
  3.52 +14.7935
  3.52 +14.7935
  3.52 +14.7935
  3.53 +14.7935
  3.53 +14.7935
  3.53 +14.7935
  3.53 +14.7935
  3.53 +14.7935
  3.53 +14.7935
  3.53 +14.7934
  3.53 +14.7934
  3.53 +14.7934
  3.53 +14.7934
  3.54 +14.7934
  3.54 +14.7934
  3.54 +14.7934
  3.54 +14.7934
  3.54 +14.7934
  3.54 +14.7934
  3.54 +14.7934
  3.54 +14.7934
  3.54 +14.7934
  3.54 +14.7933
  3.55 +14.7933
  3.55 +14.7933
  3.55 +14.7933
  3.55 +14.7933
  3.55 +14.7933
  3.55 +14.7933
  3.55 +14.7933
  3.55 +14.7933
  3.55 +14.7933
  3.55 +14.7933
  3.56 +14.7933
  3.56 +14.7933
  3.56 +14.7932
  3.56 +14.7932
  3.56 +14.7932
  3.56 +14.7932
  3.56 +14.7932
  3.56 +14.7932
  3.56 +14.7932
  3.56 +14.7932
  3.57 +14.7932
  3.57 +14.7932
  3.57 +14.7932
  3.57 +14.7932
  3.57 +14.7932
  3.57 +14.7931
  3.57 +14.7931
  3.57 +14.7931
  3.57 +14.7931
  3.57 +14.7931
  3.58 +14.7931
  3.58 +14.7931
  3.58 +14.7931
  3.58 +14.7931
  3.58 +14.7931
  3.58 +14.7931
  3.58 +14.7931
  3.58 +14.7931
  3.58 +14.7930
  3.58 +14.7930
  3.59 +14.7930
  3.59 +14.7930
  3.59 +14.7930
  3.59 +14.7930
  3.59 +14.7930
  3.59 +14.7930
  3.59 +14.7930
  3.59 +14.7930
  3.59 +14.7930
  3.59 +14.7930
  3.60 +14.7929
  3.60 +14.7929
  3.60 +14.7929
  3.60 +14.7929
  3.60 +14.7929
  3.60 +14.7929
  3.60 +14.7929
  3.60 +14.7929
  3.60 +14.7929
  3.60 +14.7929
  3.61 +14.7929
  3.61 +14.7929
  3.61 +14.7929
  3.61 +14.7928
  3.61 +14.7928
  3.61 +14.7928
  3.61 +14.7928
  3.61 +14.7928
  3.61 +14.7928
  3.61 +14.7928
  3.62 +14.7928
  3.62 +14.7928
  3.62 +14.7928
  3.62 +14.7928
  3.62 +14.7928
  3.62 +14.7927
  3.62 +14.7927
  3.62 +14.7927
  3.62 +14.7927
  3.62 +14.7927
  3.63 +14.7927
  3.63 +14.7927
  3.63 +14.7927
  3.63 +14.7927
  3.63 +14.7927
  3.63 +14.7927
  3.63 +14.7927
  3.63 +14.7926
  3.63 +14.7926
  3.63 +14.7926
  3.64 +14.7926
  3.64 +14.7926
  3.64 +14.7926
  3.64 +14.7926
  3.64 +14.7926
  3.64 +14.7926
  3.64 +14.7926
  3.64 +14.7926
  3.64 +14.7926
  3.64 +14.7926
  3.65 +14.7925
  3.65 +14.7925
  3.65 +14.7925
  3.65 +14.7925
  3.65 +14.7925
  3.65 +14.7925
  3.65 +14.7925
  3.65 +14.7925
  3.65 +14.7925
  3.65 +14.7925
  3.66 +14.7925
  3.66 +14.7925
  3.66 +14.7924
  3.66 +14.7924
  3.66 +14.7924
  3.66 +14.7924
  3.66 +14.7924
  3.66 +14.7924
  3.66 +14.7924
  3.67 +14.7924
  3.67 +14.7924
  3.67 +14.7924
  3.67 +14.7924
  3.67 +14.7923
  3.67 +14.7923
  3.67 +14.7923
  3.67 +14.7923
  3.67 +14.7923
  3.67 +14.7923
  3.67 +14.7923
  3.68 +14.7923
  3.68 +14.7923
  3.68 +14.7923
  3.68 +14.7923
  3.68 +14.7923
  3.68 +14.7922
  3.68 +14.7922
  3.68 +14.7922
  3.68 +14.7922
  3.68 +14.7922
  3.69 +14.7922
  3.69 +14.7922
  3.69 +14.7922
  3.69 +14.7922
  3.69 +14.7922
  3.69 +14.7922
  3.69 +14.7922
  3.69 +14.7921
  3.69 +14.7921
  3.69 +14.7921
  3.70 +14.7921
  3.70 +14.7921
  3.70 +14.7921
  3.70 +14.7921
  3.70 +14.7921
  3.70 +14.7921
  3.70 +14.7921
  3.70 +14.7921
  3.70 +14.7920
  3.71 +14.7920
  3.71 +14.7920
  3.71 +14.7920
  3.71 +14.7920
  3.71 +14.7920
  3.71 +14.7920
  3.71 +14.7920
  3.71 +14.7920
  3.71 +14.7920
  3.71 +14.7920
  3.71 +14.7920
  3.72 +14.7919
  3.72 +14.7919
  3.72 +14.7919
  3.72 +14.7919
  3.72 +14.7919
  3.72 +14.7919
  3.72 +14.7919
  3.72 +14.7919
  3.72 +14.7919
  3.72 +14.7919
  3.73 +14.7919
  3.73 +14.7918
  3.73 +14.7918
  3.73 +14.7918
  3.73 +14.7918
  3.73 +14.7918
  3.73 +14.7918
  3.73 +14.7918
  3.73 +14.7918
  3.73 +14.7918
  3.74 +14.7918
  3.74 +14.7918
  3.74 +14.7918
  3.74 +14.7917
  3.74 +14.7917
  3.74 +14.7917
  3.74 +14.7917
  3.74 +14.7917
  3.74 +14.7917
  3.75 +14.7917
  3.75 +14.7917
  3.75 +14.7917
  3.75 +14.7917
  3.75 +14.7917
  3.75 +14.7916
  3.75 +14.7916
  3.75 +14.7916
  3.75 +14.7916
  3.75 +14.7916
  3.75 +14.7916
  3.76 +14.7916
  3.76 +14.7916
  3.76 +14.7916
  3.76 +14.7916
  3.76 +14.7916
  3.76 +14.7915
  3.76 +14.7915
  3.76 +14.7915
  3.76 +14.7915
  3.76 +14.7915
  3.77 +14.7915
  3.77 +14.7915
  3.77 +14.7915
  3.77 +14.7915
  3.77 +14.7915
  3.77 +14.7915
  3.77 +14.7914
  3.77 +14.7914
  3.77 +14.7914
  3.77 +14.7914
  3.78 +14.7914
  3.78 +14.7914
  3.78 +14.7914
  3.78 +14.7914
  3.78 +14.7914
  3.78 +14.7914
  3.78 +14.7914
  3.78 +14.7913
  3.78 +14.7913
  3.79 +14.7913
  3.79 +14.7913
  3.79 +14.7913
  3.79 +14.7913
  3.79 +14.7913
  3.79 +14.7913
  3.79 +14.7913
  3.79 +14.7913
  3.79 +14.7913
  3.79 +14.7912
  3.79 +14.7912
  3.80 +14.7912
  3.80 +14.7912
  3.80 +14.7912
  3.80 +14.7912
  3.80 +14.7912
  3.80 +14.7912
  3.80 +14.7912
  3.80 +14.7912
  3.80 +14.7911
  3.80 +14.7911
  3.81 +14.7911
  3.81 +14.7911
  3.81 +14.7911
  3.81 +14.7911
  3.81 +14.7911
  3.81 +14.7911
  3.81 +14.7911
  3.81 +14.7911
  3.81 +14.7911
  3.81 +14.7910
  3.82 +14.7910
  3.82 +14.7910
  3.82 +14.7910
  3.82 +14.7910
  3.82 +14.7910
  3.82 +14.7910
  3.82 +14.7910
  3.82 +14.7910
  3.82 +14.7910
  3.83 +14.7910
  3.83 +14.7909
  3.83 +14.7909
  3.83 +14.7909
  3.83 +14.7909
  3.83 +14.7909
  3.83 +14.7909
  3.83 +14.7909
  3.83 +14.7909
  3.83 +14.7909
  3.83 +14.7909
  3.84 +14.7908
  3.84 +14.7908
  3.84 +14.7908
  3.84 +14.7908
  3.84 +14.7908
  3.84 +14.7908
  3.84 +14.7908
  3.84 +14.7908
  3.84 +14.7908
  3.84 +14.7908
  3.85 +14.7908
  3.85 +14.7907
  3.85 +14.7907
  3.85 +14.7907
  3.85 +14.7907
  3.85 +14.7907
  3.85 +14.7907
  3.85 +14.7907
  3.85 +14.7907
  3.85 +14.7907
  3.86 +14.7907
  3.86 +14.7906
  3.86 +14.7906
  3.86 +14.7906
  3.86 +14.7906
  3.86 +14.7906
  3.86 +14.7906
  3.86 +14.7906
  3.86 +14.7906
  3.87 +14.7906
  3.87 +14.7906
  3.87 +14.7905
  3.87 +14.7905
  3.87 +14.7905
  3.87 +14.7905
  3.87 +14.7905
  3.87 +14.7905
  3.87 +14.7905
  3.87 +14.7905
  3.88 +14.7905
  3.88 +14.7905
  3.88 +14.7905
  3.88 +14.7904
  3.88 +14.7904
  3.88 +14.7904
  3.88 +14.7904
  3.88 +14.7904
  3.88 +14.7904
  3.88 +14.7904
  3.88 +14.7904
  3.89 +14.7904
  3.89 +14.7904
  3.89 +14.7903
  3.89 +14.7903
  3.89 +14.7903
  3.89 +14.7903
  3.89 +14.7903
  3.89 +14.7903
  3.89 +14.7903
  3.90 +14.7903
  3.90 +14.7903
  3.90 +14.7903
  3.90 +14.7902
  3.90 +14.7902
  3.90 +14.7902
  3.90 +14.7902
  3.90 +14.7902
  3.90 +14.7902
  3.90 +14.7902
  3.91 +14.7902
  3.91 +14.7902
  3.91 +14.7902
  3.91 +14.7901
  3.91 +14.7901
  3.91 +14.7901
  3.91 +14.7901
  3.91 +14.7901
  3.91 +14.7901
  3.91 +14.7901
  3.92 +14.7901
  3.92 +14.7901
  3.92 +14.7901
  3.92 +14.7900
  3.92 +14.7900
  3.92 +14.7900
  3.92 +14.7900
  3.92 +14.7900
  3.92 +14.7900
  3.92 +14.7900
  3.92 +14.7900
  3.93 +14.7900
  3.93 +14.7900
  3.93 +14.7899
  3.93 +14.7899
  3.93 +14.7899
  3.93 +14.7899
  3.93 +14.7899
  3.93 +14.7899
  3.93 +14.7899
  3.94 +14.7899
  3.94 +14.7899
  3.94 +14.7899
  3.94 +14.7898
  3.94 +14.7898
  3.94 +14.7898
  3.94 +14.7898
  3.94 +14.7898
  3.94 +14.7898
  3.94 +14.7898
  3.95 +14.7898
  3.95 +14.7898
  3.95 +14.7897
  3.95 +14.7897
  3.95 +14.7897
  3.95 +14.7897
  3.95 +14.7897
  3.95 +14.7897
  3.95 +14.7897
  3.95 +14.7897
  3.96 +14.7897
  3.96 +14.7897
  3.96 +14.7896
  3.96 +14.7896
  3.96 +14.7896
  3.96 +14.7896
  3.96 +14.7896
  3.96 +14.7896
  3.96 +14.7896
  3.96 +14.7896
  3.96 +14.7896
  3.97 +14.7896
  3.97 +14.7895
  3.97 +14.7895
  3.97 +14.7895
  3.97 +14.7895
  3.97 +14.7895
  3.97 +14.7895
  3.97 +14.7895
  3.97 +14.7895
  3.98 +14.7895
  3.98 +14.7894
  3.98 +14.7894
  3.98 +14.7894
  3.98 +14.7894
  3.98 +14.7894
  3.98 +14.7894
  3.98 +14.7894
  3.98 +14.7894
  3.98 +14.7894
  3.99 +14.7894
  3.99 +14.7893
  3.99 +14.7893
  3.99 +14.7893
  3.99 +14.7893
  3.99 +14.7893
  3.99 +14.7893
  3.99 +14.7893
  3.99 +14.7893
  3.99 +14.7893
  4.00 +14.7892
  4.00 +14.7892
  4.00 +14.7892
  4.00 +14.7892
  4.00 +14.7892
  4.00 +14.7892
  4.00 +14.7892
  4.00 +14.7892
  4.00 +14.7892
  4.00 +14.7892
  4.00 +14.7891
  4.01 +14.7891
  4.01 +14.7891
  4.01 +14.7891
  4.01 +14.7891
  4.01 +14.7891
  4.01 +14.7891
  4.01 +14.7891
  4.01 +14.7891
  4.01 +14.7890
  4.01 +14.7890
  4.02 +14.7890
  4.02 +14.7890
  4.02 +14.7890
  4.02 +14.7890
  4.02 +14.7890
  4.02 +14.7890
  4.02 +14.7890
  4.02 +14.7890
  4.02 +14.7889
  4.03 +14.7889
  4.03 +14.7889
  4.03 +14.7889
  4.03 +14.7889
  4.03 +14.7889
  4.03 +14.7889
  4.03 +14.7889
  4.03 +14.7889
  4.03 +14.7888
  4.03 +14.7888
  4.04 +14.7888
  4.04 +14.7888
  4.04 +14.7888
  4.04 +14.7888
  4.04 +14.7888
  4.04 +14.7888
  4.04 +14.7888
  4.04 +14.7887
  4.04 +14.7887
  4.04 +14.7887
  4.04 +14.7887
  4.05 +14.7887
  4.05 +14.7887
  4.05 +14.7887
  4.05 +14.7887
  4.05 +14.7887
  4.05 +14.7886
  4.05 +14.7886
  4.05 +14.7886
  4.05 +14.7886
  4.06 +14.7886
  4.06 +14.7886
  4.06 +14.7886
  4.06 +14.7886
  4.06 +14.7886
  4.06 +14.7885
  4.06 +14.7885
  4.06 +14.7885
  4.06 +14.7885
  4.06 +14.7885
  4.07 +14.7885
  4.07 +14.7885
  4.07 +14.7885
  4.07 +14.7885
  4.07 +14.7884
  4.07 +14.7884
  4.07 +14.7884
  4.07 +14.7884
  4.07 +14.7884
  4.07 +14.7884
  4.07 +14.7884
  4.08 +14.7884
  4.08 +14.7884
  4.08 +14.7883
  4.08 +14.7883
  4.08 +14.7883
  4.08 +14.7883
  4.08 +14.7883
  4.08 +14.7883
  4.08 +14.7883
  4.08 +14.7883
  4.09 +14.7883
  4.09 +14.7882
  4.09 +14.7882
  4.09 +14.7882
  4.09 +14.7882
  4.09 +14.7882
  4.09 +14.7882
  4.09 +14.7882
  4.09 +14.7882
  4.09 +14.7882
  4.10 +14.7881
  4.10 +14.7881
  4.10 +14.7881
  4.10 +14.7881
  4.10 +14.7881
  4.10 +14.7881
  4.10 +14.7881
  4.10 +14.7881
  4.10 +14.7881
  4.10 +14.7880
  4.11 +14.7880
  4.11 +14.7880
  4.11 +14.7880
  4.11 +14.7880
  4.11 +14.7880
  4.11 +14.7880
  4.11 +14.7880
  4.11 +14.7880
  4.11 +14.7879
  4.11 +14.7879
  4.12 +14.7879
  4.12 +14.7879
  4.12 +14.7879
  4.12 +14.7879
  4.12 +14.7879
  4.12 +14.7879
  4.12 +14.7879
  4.12 +14.7878
  4.12 +14.7878
  4.12 +14.7878
  4.13 +14.7878
  4.13 +14.7878
  4.13 +14.7878
  4.13 +14.7878
  4.13 +14.7878
  4.13 +14.7878
  4.13 +14.7877
  4.13 +14.7877
  4.13 +14.7877
  4.13 +14.7877
  4.14 +14.7877
  4.14 +14.7877
  4.14 +14.7877
  4.14 +14.7877
  4.14 +14.7876
  4.14 +14.7876
  4.14 +14.7876
  4.14 +14.7876
  4.14 +14.7876
  4.14 +14.7876
  4.15 +14.7876
  4.15 +14.7876
  4.15 +14.7876
  4.15 +14.7875
  4.15 +14.7875
  4.15 +14.7875
  4.15 +14.7875
  4.15 +14.7875
  4.15 +14.7875
  4.15 +14.7875
  4.16 +14.7875
  4.16 +14.7875
  4.16 +14.7874
  4.16 +14.7874
  4.16 +14.7874
  4.16 +14.7874
  4.16 +14.7874
  4.16 +14.7874
  4.16 +14.7874
  4.17 +14.7874
  4.17 +14.7873
  4.17 +14.7873
  4.17 +14.7873
  4.17 +14.7873
  4.17 +14.7873
  4.17 +14.7873
  4.17 +14.7873
  4.17 +14.7873
  4.17 +14.7873
  4.17 +14.7872
  4.18 +14.7872
  4.18 +14.7872
  4.18 +14.7872
  4.18 +14.7872
  4.18 +14.7872
  4.18 +14.7872
  4.18 +14.7872
  4.18 +14.7871
  4.18 +14.7871
  4.18 +14.7871
  4.19 +14.7871
  4.19 +14.7871
  4.19 +14.7871
  4.19 +14.7871
  4.19 +14.7871
  4.19 +14.7871
  4.19 +14.7870
  4.19 +14.7870
  4.19 +14.7870
  4.19 +14.7870
  4.20 +14.7870
  4.20 +14.7870
  4.20 +14.7870
  4.20 +14.7870
  4.20 +14.7869
  4.20 +14.7869
  4.20 +14.7869
  4.20 +14.7869
  4.20 +14.7869
  4.21 +14.7869
  4.21 +14.7869
  4.21 +14.7869
  4.21 +14.7869
  4.21 +14.7868
  4.21 +14.7868
  4.21 +14.7868
  4.21 +14.7868
  4.21 +14.7868
  4.21 +14.7868
  4.21 +14.7868
  4.22 +14.7868
  4.22 +14.7867
  4.22 +14.7867
  4.22 +14.7867
  4.22 +14.7867
  4.22 +14.7867
  4.22 +14.7867
  4.22 +14.7867
  4.22 +14.7867
  4.22 +14.7866
  4.23 +14.7866
  4.23 +14.7866
  4.23 +14.7866
  4.23 +14.7866
  4.23 +14.7866
  4.23 +14.7866
  4.23 +14.7866
  4.23 +14.7866
  4.23 +14.7865
  4.23 +14.7865
  4.24 +14.7865
  4.24 +14.7865
  4.24 +14.7865
  4.24 +14.7865
  4.24 +14.7865
  4.24 +14.7865
  4.24 +14.7864
  4.24 +14.7864
  4.24 +14.7864
  4.25 +14.7864
  4.25 +14.7864
  4.25 +14.7864
  4.25 +14.7864
  4.25 +14.7864
  4.25 +14.7863
  4.25 +14.7863
  4.25 +14.7863
  4.25 +14.7863
  4.25 +14.7863
  4.25 +14.7863
  4.26 +14.7863
  4.26 +14.7863
  4.26 +14.7862
  4.26 +14.7862
  4.26 +14.7862
  4.26 +14.7862
  4.26 +14.7862
  4.26 +14.7862
  4.26 +14.7862
  4.26 +14.7862
  4.27 +14.7861
  4.27 +14.7861
  4.27 +14.7861
  4.27 +14.7861
  4.27 +14.7861
  4.27 +14.7861
  4.27 +14.7861
  4.27 +14.7861
  4.27 +14.7860
  4.27 +14.7860
  4.28 +14.7860
  4.28 +14.7860
  4.28 +14.7860
  4.28 +14.7860
  4.28 +14.7860
  4.28 +14.7860
  4.28 +14.7859
  4.28 +14.7859
  4.28 +14.7859
  4.29 +14.7859
  4.29 +14.7859
  4.29 +14.7859
  4.29 +14.7859
  4.29 +14.7859
  4.29 +14.7858
  4.29 +14.7858
  4.29 +14.7858
  4.29 +14.7858
  4.29 +14.7858
  4.29 +14.7858
  4.30 +14.7858
  4.30 +14.7858
  4.30 +14.7857
  4.30 +14.7857
  4.30 +14.7857
  4.30 +14.7857
  4.30 +14.7857
  4.30 +14.7857
  4.30 +14.7857
  4.30 +14.7857
  4.31 +14.7856
  4.31 +14.7856
  4.31 +14.7856
  4.31 +14.7856
  4.31 +14.7856
  4.31 +14.7856
  4.31 +14.7856
  4.31 +14.7856
  4.31 +14.7855
  4.31 +14.7855
  4.32 +14.7855
  4.32 +14.7855
  4.32 +14.7855
  4.32 +14.7855
  4.32 +14.7855
  4.32 +14.7855
  4.32 +14.7854
  4.32 +14.7854
  4.32 +14.7854
  4.33 +14.7854
  4.33 +14.7854
  4.33 +14.7854
  4.33 +14.7854
  4.33 +14.7854
  4.33 +14.7853
  4.33 +14.7853
  4.33 +14.7853
  4.33 +14.7853
  4.33 +14.7853
  4.33 +14.7853
  4.34 +14.7853
  4.34 +14.7853
  4.34 +14.7852
  4.34 +14.7852
  4.34 +14.7852
  4.34 +14.7852
  4.34 +14.7852
  4.34 +14.7852
  4.34 +14.7852
  4.34 +14.7852
  4.35 +14.7851
  4.35 +14.7851
  4.35 +14.7851
  4.35 +14.7851
  4.35 +14.7851
  4.35 +14.7851
  4.35 +14.7851
  4.35 +14.7851
  4.35 +14.7850
  4.35 +14.7850
  4.36 +14.7850
  4.36 +14.7850
  4.36 +14.7850
  4.36 +14.7850
  4.36 +14.7850
  4.36 +14.7849
  4.36 +14.7849
  4.36 +14.7849
  4.36 +14.7849
  4.37 +14.7849
  4.37 +14.7849
  4.37 +14.7849
  4.37 +14.7849
  4.37 +14.7848
  4.37 +14.7848
  4.37 +14.7848
  4.37 +14.7848
  4.37 +14.7848
  4.37 +14.7848
  4.38 +14.7848
  4.38 +14.7848
  4.38 +14.7847
  4.38 +14.7847
  4.38 +14.7847
  4.38 +14.7847
  4.38 +14.7847
  4.38 +14.7847
  4.38 +14.7847
  4.38 +14.7846
  4.38 +14.7846
  4.39 +14.7846
  4.39 +14.7846
  4.39 +14.7846
  4.39 +14.7846
  4.39 +14.7846
  4.39 +14.7846
  4.39 +14.7845
  4.39 +14.7845
  4.39 +14.7845
  4.39 +14.7845
  4.40 +14.7845
  4.40 +14.7845
  4.40 +14.7845
  4.40 +14.7845
  4.40 +14.7844
  4.40 +14.7844
  4.40 +14.7844
  4.40 +14.7844
  4.40 +14.7844
  4.41 +14.7844
  4.41 +14.7844
  4.41 +14.7843
  4.41 +14.7843
  4.41 +14.7843
  4.41 +14.7843
  4.41 +14.7843
  4.41 +14.7843
  4.41 +14.7843
  4.41 +14.7843
  4.42 +14.7842
  4.42 +14.7842
  4.42 +14.7842
  4.42 +14.7842
  4.42 +14.7842
  4.42 +14.7842
  4.42 +14.7842
  4.42 +14.7841
  4.42 +14.7841
  4.42 +14.7841
  4.42 +14.7841
  4.43 +14.7841
  4.43 +14.7841
  4.43 +14.7841
  4.43 +14.7841
  4.43 +14.7840
  4.43 +14.7840
  4.43 +14.7840
  4.43 +14.7840
  4.43 +14.7840
  4.43 +14.7840
  4.44 +14.7840
  4.44 +14.7839
  4.44 +14.7839
  4.44 +14.7839
  4.44 +14.7839
  4.44 +14.7839
  4.44 +14.7839
  4.44 +14.7839
  4.44 +14.7839
  4.45 +14.7838
  4.45 +14.7838
  4.45 +14.7838
  4.45 +14.7838
  4.45 +14.7838
  4.45 +14.7838
  4.45 +14.7838
  4.45 +14.7837
  4.45 +14.7837
  4.45 +14.7837
  4.46 +14.7837
  4.46 +14.7837
  4.46 +14.7837
  4.46 +14.7837
  4.46 +14.7836
  4.46 +14.7836
  4.46 +14.7836
  4.46 +14.7836
  4.46 +14.7836
  4.46 +14.7836
  4.46 +14.7836
  4.47 +14.7836
  4.47 +14.7835
  4.47 +14.7835
  4.47 +14.7835
  4.47 +14.7835
  4.47 +14.7835
  4.47 +14.7835
  4.47 +14.7835
  4.47 +14.7834
  4.47 +14.7834
  4.48 +14.7834
  4.48 +14.7834
  4.48 +14.7834
  4.48 +14.7834
  4.48 +14.7834
  4.48 +14.7834
  4.48 +14.7833
  4.48 +14.7833
  4.48 +14.7833
  4.49 +14.7833
  4.49 +14.7833
  4.49 +14.7833
  4.49 +14.7833
  4.49 +14.7832
  4.49 +14.7832
  4.49 +14.7832
  4.49 +14.7832
  4.49 +14.7832
  4.49 +14.7832
  4.50 +14.7832
  4.50 +14.7831
  4.50 +14.7831
  4.50 +14.7831
  4.50 +14.7831
  4.50 +14.7831
  4.50 +14.7831
  4.50 +14.7831
  4.50 +14.7830
  4.50 +14.7830
  4.50 +14.7830
  4.51 +14.7830
  4.51 +14.7830
  4.51 +14.7830
  4.51 +14.7830
  4.51 +14.7830
  4.51 +14.7829
  4.51 +14.7829
  4.51 +14.7829
  4.51 +14.7829
  4.51 +14.7829
  4.52 +14.7829
  4.52 +14.7829
  4.52 +14.7828
  4.52 +14.7828
  4.52 +14.7828
  4.52 +14.7828
  4.52 +14.7828
  4.52 +14.7828
  4.52 +14.7828
  4.53 +14.7827
  4.53 +14.7827
  4.53 +14.7827
  4.53 +14.7827
  4.53 +14.7827
  4.53 +14.7827
  4.53 +14.7827
  4.53 +14.7826
  4.53 +14.7826
  4.53 +14.7826
  4.54 +14.7826
  4.54 +14.7826
  4.54 +14.7826
  4.54 +14.7826
  4.54 +14.7825
  4.54 +14.7825
  4.54 +14.7825
  4.54 +14.7825
  4.54 +14.7825
  4.54 +14.7825
  4.54 +14.7825
  4.55 +14.7824
  4.55 +14.7824
  4.55 +14.7824
  4.55 +14.7824
  4.55 +14.7824
  4.55 +14.7824
  4.55 +14.7824
  4.55 +14.7823
  4.55 +14.7823
  4.55 +14.7823
  4.56 +14.7823
  4.56 +14.7823
  4.56 +14.7823
  4.56 +14.7823
  4.56 +14.7822
  4.56 +14.7822
  4.56 +14.7822
  4.56 +14.7822
  4.56 +14.7822
  4.57 +14.7822
  4.57 +14.7822
  4.57 +14.7821
  4.57 +14.7821
  4.57 +14.7821
  4.57 +14.7821
  4.57 +14.7821
  4.57 +14.7821
  4.57 +14.7821
  4.57 +14.7820
  4.58 +14.7820
  4.58 +14.7820
  4.58 +14.7820
  4.58 +14.7820
  4.58 +14.7820
  4.58 +14.7820
  4.58 +14.7819
  4.58 +14.7819
  4.58 +14.7819
  4.58 +14.7819
  4.58 +14.7819
  4.59 +14.7819
  4.59 +14.7819
  4.59 +14.7818
  4.59 +14.7818
  4.59 +14.7818
  4.59 +14.7818
  4.59 +14.7818
  4.59 +14.7818
  4.59 +14.7818
  4.59 +14.7817
  4.60 +14.7817
  4.60 +14.7817
  4.60 +14.7817
  4.60 +14.7817
  4.60 +14.7817
  4.60 +14.7817
  4.60 +14.7816
  4.60 +14.7816
  4.60 +14.7816
  4.61 +14.7816
  4.61 +14.7816
  4.61 +14.7816
  4.61 +14.7816
  4.61 +14.7815
  4.61 +14.7815
  4.61 +14.7815
  4.61 +14.7815
  4.61 +14.7815
  4.61 +14.7815
  4.62 +14.7815
  4.62 +14.7814
  4.62 +14.7814
  4.62 +14.7814
  4.62 +14.7814
  4.62 +14.7814
  4.62 +14.7814
  4.62 +14.7814
  4.62 +14.7813
  4.62 +14.7813
  4.62 +14.7813
  4.63 +14.7813
  4.63 +14.7813
  4.63 +14.7813
  4.63 +14.7813
  4.63 +14.7812
  4.63 +14.7812
  4.63 +14.7812
  4.63 +14.7812
  4.63 +14.7812
  4.63 +14.7812
  4.64 +14.7812
  4.64 +14.7811
  4.64 +14.7811
  4.64 +14.7811
  4.64 +14.7811
  4.64 +14.7811
  4.64 +14.7811
  4.64 +14.7810
  4.64 +14.7810
  4.65 +14.7810
  4.65 +14.7810
  4.65 +14.7810
  4.65 +14.7810
  4.65 +14.7810
  4.65 +14.7809
  4.65 +14.7809
  4.65 +14.7809
  4.65 +14.7809
  4.65 +14.7809
  4.66 +14.7809
  4.66 +14.7809
  4.66 +14.7808
  4.66 +14.7808
  4.66 +14.7808
  4.66 +14.7808
  4.66 +14.7808
  4.66 +14.7808
  4.66 +14.7808
  4.66 +14.7807
  4.67 +14.7807
  4.67 +14.7807
  4.67 +14.7807
  4.67 +14.7807
  4.67 +14.7807
  4.67 +14.7807
  4.67 +14.7806
  4.67 +14.7806
  4.67 +14.7806
  4.67 +14.7806
  4.67 +14.7806
  4.68 +14.7806
  4.68 +14.7805
  4.68 +14.7805
  4.68 +14.7805
  4.68 +14.7805
  4.68 +14.7805
  4.68 +14.7805
  4.68 +14.7805
  4.68 +14.7804
  4.69 +14.7804
  4.69 +14.7804
  4.69 +14.7804
  4.69 +14.7804
  4.69 +14.7804
  4.69 +14.7804
  4.69 +14.7803
  4.69 +14.7803
  4.69 +14.7803
  4.69 +14.7803
  4.69 +14.7803
  4.70 +14.7803
  4.70 +14.7802
  4.70 +14.7802
  4.70 +14.7802
  4.70 +14.7802
  4.70 +14.7802
  4.70 +14.7802
  4.70 +14.7802
  4.70 +14.7801
  4.70 +14.7801
  4.71 +14.7801
  4.71 +14.7801
  4.71 +14.7801
  4.71 +14.7801
  4.71 +14.7801
  4.71 +14.7800
  4.71 +14.7800
  4.71 +14.7800
  4.71 +14.7800
  4.71 +14.7800
  4.72 +14.7800
  4.72 +14.7799
  4.72 +14.7799
  4.72 +14.7799
  4.72 +14.7799
  4.72 +14.7799
  4.72 +14.7799
  4.72 +14.7799
  4.72 +14.7798
  4.72 +14.7798
  4.73 +14.7798
  4.73 +14.7798
  4.73 +14.7798
  4.73 +14.7798
  4.73 +14.7797
  4.73 +14.7797
  4.73 +14.7797
  4.73 +14.7797
  4.73 +14.7797
  4.73 +14.7797
  4.74 +14.7797
  4.74 +14.7796
  4.74 +14.7796
  4.74 +14.7796
  4.74 +14.7796
  4.74 +14.7796
  4.74 +14.7796
  4.74 +14.7795
  4.74 +14.7795
  4.75 +14.7795
  4.75 +14.7795
  4.75 +14.7795
  4.75 +14.7795
  4.75 +14.7795
  4.75 +14.7794
  4.75 +14.7794
  4.75 +14.7794
  4.75 +14.7794
  4.75 +14.7794
  4.75 +14.7794
  4.76 +14.7793
  4.76 +14.7793
  4.76 +14.7793
  4.76 +14.7793
  4.76 +14.7793
  4.76 +14.7793
  4.76 +14.7793
  4.76 +14.7792
  4.76 +14.7792
  4.76 +14.7792
  4.77 +14.7792
  4.77 +14.7792
  4.77 +14.7792
  4.77 +14.7791
  4.77 +14.7791
  4.77 +14.7791
  4.77 +14.7791
  4.77 +14.7791
  4.77 +14.7791
  4.77 +14.7791
  4.78 +14.7790
  4.78 +14.7790
  4.78 +14.7790
  4.78 +14.7790
  4.78 +14.7790
  4.78 +14.7790
  4.78 +14.7789
  4.78 +14.7789
  4.78 +14.7789
  4.78 +14.7789
  4.79 +14.7789
  4.79 +14.7789
  4.79 +14.7789
  4.79 +14.7788
  4.79 +14.7788
  4.79 +14.7788
  4.79 +14.7788
  4.79 +14.7788
  4.79 +14.7788
  4.79 +14.7787
  4.80 +14.7787
  4.80 +14.7787
  4.80 +14.7787
  4.80 +14.7787
  4.80 +14.7787
  4.80 +14.7786
  4.80 +14.7786
  4.80 +14.7786
  4.80 +14.7786
  4.80 +14.7786
  4.81 +14.7786
  4.81 +14.7786
  4.81 +14.7785
  4.81 +14.7785
  4.81 +14.7785
  4.81 +14.7785
  4.81 +14.7785
  4.81 +14.7785
  4.81 +14.7784
  4.81 +14.7784
  4.82 +14.7784
  4.82 +14.7784
  4.82 +14.7784
  4.82 +14.7784
  4.82 +14.7784
  4.82 +14.7783
  4.82 +14.7783
  4.82 +14.7783
  4.82 +14.7783
  4.83 +14.7783
  4.83 +14.7783
  4.83 +14.7782
  4.83 +14.7782
  4.83 +14.7782
  4.83 +14.7782
  4.83 +14.7782
  4.83 +14.7782
  4.83 +14.7781
  4.83 +14.7781
  4.83 +14.7781
  4.84 +14.7781
  4.84 +14.7781
  4.84 +14.7781
  4.84 +14.7780
  4.84 +14.7780
  4.84 +14.7780
  4.84 +14.7780
  4.84 +14.7780
  4.84 +14.7780
  4.84 +14.7780
  4.85 +14.7779
  4.85 +14.7779
  4.85 +14.7779
  4.85 +14.7779
  4.85 +14.7779
  4.85 +14.7779
  4.85 +14.7778
  4.85 +14.7778
  4.85 +14.7778
  4.85 +14.7778
  4.86 +14.7778
  4.86 +14.7778
  4.86 +14.7777
  4.86 +14.7777
  4.86 +14.7777
  4.86 +14.7777
  4.86 +14.7777
  4.86 +14.7777
  4.86 +14.7777
  4.86 +14.7776
  4.87 +14.7776
  4.87 +14.7776
  4.87 +14.7776
  4.87 +14.7776
  4.87 +14.7776
  4.87 +14.7775
  4.87 +14.7775
  4.87 +14.7775
  4.87 +14.7775
  4.88 +14.7775
  4.88 +14.7775
  4.88 +14.7774
  4.88 +14.7774
  4.88 +14.7774
  4.88 +14.7774
  4.88 +14.7774
  4.88 +14.7774
  4.88 +14.7773
  4.88 +14.7773
  4.88 +14.7773
  4.89 +14.7773
  4.89 +14.7773
  4.89 +14.7773
  4.89 +14.7772
  4.89 +14.7772
  4.89 +14.7772
  4.89 +14.7772
  4.89 +14.7772
  4.89 +14.7772
  4.89 +14.7771
  4.90 +14.7771
  4.90 +14.7771
  4.90 +14.7771
  4.90 +14.7771
  4.90 +14.7771
  4.90 +14.7771
  4.90 +14.7770
  4.90 +14.7770
  4.90 +14.7770
  4.91 +14.7770
  4.91 +14.7770
  4.91 +14.7770
  4.91 +14.7769
  4.91 +14.7769
  4.91 +14.7769
  4.91 +14.7769
  4.91 +14.7769
  4.91 +14.7769
  4.91 +14.7768
  4.92 +14.7768
  4.92 +14.7768
  4.92 +14.7768
  4.92 +14.7768
  4.92 +14.7768
  4.92 +14.7767
  4.92 +14.7767
  4.92 +14.7767
  4.92 +14.7767
  4.92 +14.7767
  4.92 +14.7767
  4.93 +14.7766
  4.93 +14.7766
  4.93 +14.7766
  4.93 +14.7766
  4.93 +14.7766
  4.93 +14.7766
  4.93 +14.7765
  4.93 +14.7765
  4.93 +14.7765
  4.93 +14.7765
  4.94 +14.7765
  4.94 +14.7765
  4.94 +14.7764
  4.94 +14.7764
  4.94 +14.7764
  4.94 +14.7764
  4.94 +14.7764
  4.94 +14.7764
  4.94 +14.7763
  4.94 +14.7763
  4.95 +14.7763
  4.95 +14.7763
  4.95 +14.7763
  4.95 +14.7763
  4.95 +14.7762
  4.95 +14.7762
  4.95 +14.7762
  4.95 +14.7762
  4.95 +14.7762
  4.96 +14.7762
  4.96 +14.7761
  4.96 +14.7761
  4.96 +14.7761
  4.96 +14.7761
  4.96 +14.7761
  4.96 +14.7761
  4.96 +14.7760
  4.96 +14.7760
  4.96 +14.7760
  4.96 +14.7760
  4.97 +14.7760
  4.97 +14.7760
  4.97 +14.7759
  4.97 +14.7759
  4.97 +14.7759
  4.97 +14.7759
  4.97 +14.7759
  4.97 +14.7759
  4.97 +14.7758
  4.97 +14.7758
  4.98 +14.7758
  4.98 +14.7758
  4.98 +14.7758
  4.98 +14.7758
  4.98 +14.7757
  4.98 +14.7757
  4.98 +14.7757
  4.98 +14.7757
  4.98 +14.7757
  4.99 +14.7757
  4.99 +14.7756
  4.99 +14.7756
  4.99 +14.7756
  4.99 +14.7756
  4.99 +14.7756
  4.99 +14.7756
  4.99 +14.7755
  4.99 +14.7755
  4.99 +14.7755
  5.00 +14.7755
  5.00 +14.7755
  5.00 +14.7755
  5.00 +14.7754
  5.00 +14.7754
  5.00 +14.7754
  0.10 +14.8000
  0.20 +14.8000
  0.30 +14.8000
  0.40 +14.8000
  0.50 +14.8000
  0.60 +14.8000
  0.70 +14.8000
  0.80 +14.8000
  0.90 +14.8000
  1.00 +14.8000
  1.10 +14.8000
