  0.10 +8.01200996
  0.20 +8.02117556
  0.30 +8.03186851
  0.40 +8.04048223
  0.50 +8.04916463
  0.60 +8.05738773
  0.70 +8.06519927
  0.80 +8.07278137
  0.90 +8.08003073
  1.00 +8.08691774
  1.10 +8.09352406
  1.20 +8.09998628
  1.30 +8.10638109
  1.40 +8.11261217
  1.50 +8.11852865
  1.60 +8.12417347
  1.70 +8.12979960
  1.80 +8.13545800
  1.90 +8.14093837
  2.00 +8.14609511
  2.10 +8.15114217
  2.20 +8.15630628
  2.30 +8.16139521
  2.40 +8.16617551
  2.50 +8.17082201
  2.60 +8.17560674
  2.70 +8.18034590
  2.80 +8.18478606
  2.90 +8.18914018
  3.00 +8.19364531
  3.10 +8.19805610
  3.20 +8.20219608
  3.30 +8.20634863
  3.40 +8.21061729
  3.50 +8.21470628
  3.60 +8.21861960
  3.70 +8.22263443
  3.80 +8.22664712
  3.90 +8.23045318
  4.00 +8.23423824
  4.10 +8.23810091
  4.20 +8.24183516
  4.30 +8.24546574
  4.40 +8.24915738
  4.50 +8.25279973
  4.60 +8.25632458
  4.70 +8.25986666
  4.80 +8.26339824
  4.90 +8.26683298
  5.00 +8.27025395
