  0.10 +8.01201005
  0.20 +8.02117552
  0.30 +8.03186855
  0.40 +8.04048219
  0.50 +8.04916463
  0.60 +8.05738774
  0.70 +8.06519928
  0.80 +8.07278141
  0.90 +8.08003078
  1.00 +8.08691776
  1.10 +8.09352404
  1.20 +8.09998633
  1.30 +8.10638113
  1.40 +8.11261217
  1.50 +8.11852862
  1.60 +8.12417348
  1.70 +8.12979964
  1.80 +8.13545801
  1.90 +8.14093842
  2.00 +8.14609508
  2.10 +8.15114217
  2.20 +8.15630628
  2.30 +8.16139521
  2.40 +8.16617553
  2.50 +8.17082203
  2.60 +8.17560672
  2.70 +8.18034589
  2.80 +8.18478605
  2.90 +8.18914017
  3.00 +8.19364530
  3.10 +8.19805610
  3.20 +8.20219607
  3.30 +8.20634864
  3.40 +8.21061730
  3.50 +8.21470630
  3.60 +8.21861961
  3.70 +8.22263443
  3.80 +8.22664713
  3.90 +8.23045317
  4.00 +8.23423826
  4.10 +8.23810092
  4.20 +8.24183517
  4.30 +8.24546573
  4.40 +8.24915736
  4.50 +8.25279974
  4.60 +8.25632457
  4.70 +8.25986666
  4.80 +8.26339825
  4.90 +8.26683298
  5.00 +8.27025396
