  0.10 +8.0093
  0.20 +8.0203
  0.30 +8.0301
  0.40 +8.0393
  0.50 +8.0479
  0.60 +8.0562
  0.70 +8.0641
  0.80 +8.0717
  0.90 +8.0790
  1.00 +8.0859
  1.10 +8.0926
  1.20 +8.0990
  1.30 +8.1054
  1.40 +8.1117
  1.50 +8.1177
  1.60 +8.1234
  1.70 +8.1290
  1.80 +8.1346
  1.90 +8.1401
  2.00 +8.1454
  2.10 +8.1504
  2.20 +8.1555
  2.30 +8.1606
  2.40 +8.1655
  2.50 +8.1701
  2.60 +8.1749
  2.70 +8.1796
  2.80 +8.1842
  2.90 +8.1885
  3.00 +8.1929
  3.10 +8.1974
  3.20 +8.2016
  3.30 +8.2057
  3.40 +8.2100
  3.50 +8.2141
  3.60 +8.2181
  3.70 +8.2220
  3.80 +8.2261
  3.90 +8.2299
  4.00 +8.2337
  4.10 +8.2375
  4.20 +8.2413
  4.30 +8.2449
  4.40 +8.2486
  4.50 +8.2523
  4.60 +8.2558
  4.70 +8.2593
  4.80 +8.2629
  4.90 +8.2663
  5.00 +8.2697
