  0.10 +8.0104
  0.20 +8.0204
  0.30 +8.0310
  0.40 +8.0397
  0.50 +8.0486
  0.60 +8.0569
  0.70 +8.0648
  0.80 +8.0724
  0.90 +8.0798
  1.00 +8.0868
  1.10 +8.0936
  1.20 +8.1001
  1.30 +8.1065
  1.40 +8.1127
  1.50 +8.1188
  1.60 +8.1247
  1.70 +8.1304
  1.80 +8.1360
  1.90 +8.1415
  2.00 +8.1469
  2.10 +8.1521
  2.20 +8.1573
  2.30 +8.1623
  2.40 +8.1673
  2.50 +8.1721
  2.60 +8.1769
  2.70 +8.1816
  2.80 +8.1862
  2.90 +8.1908
  3.00 +8.1952
  3.10 +8.1996
  3.20 +8.2039
  3.30 +8.2083
  3.40 +8.2125
  3.50 +8.2167
  3.60 +8.2207
  3.70 +8.2248
  3.80 +8.2288
  3.90 +8.2328
  4.00 +8.2367
  4.10 +8.2405
  4.20 +8.2443
  4.30 +8.2481
  4.40 +8.2518
  4.50 +8.2555
  4.60 +8.2592
  4.70 +8.2627
  4.80 +8.2663
  4.90 +8.2699
  5.00 +8.2734
