  0.01 +8.0001
  0.02 +8.0005
  0.03 +8.0012
  0.04 +8.0021
  0.05 +8.0033
  0.06 +8.0048
  0.07 +8.0065
  0.08 +8.0085
  0.09 +8.0106
  0.10 +8.0125
  0.11 +8.0143
  0.12 +8.0157
  0.13 +8.0168
  0.14 +8.0176
  0.15 +8.0182
  0.16 +8.0184
  0.17 +8.0186
  0.18 +8.0187
  0.19 +8.0191
  0.20 +8.0197
  0.21 +8.0206
  0.22 +8.0218
  0.23 +8.0232
  0.24 +8.0249
  0.25 +8.0268
  0.26 +8.0286
  0.27 +8.0302
  0.28 +8.0315
  0.29 +8.0326
  0.30 +8.0333
  0.31 +8.0338
  0.32 +8.0340
  0.33 +8.0341
  0.34 +8.0343
  0.35 +8.0346
  0.36 +8.0352
  0.37 +8.0361
  0.38 +8.0373
  0.39 +8.0387
  0.40 +8.0403
  0.41 +8.0420
  0.42 +8.0435
  0.43 +8.0449
  0.44 +8.0459
  0.45 +8.0467
  0.46 +8.0472
  0.47 +8.0474
  0.48 +8.0476
  0.49 +8.0477
  0.50 +8.0480
  0.51 +8.0486
  0.52 +8.0494
  0.53 +8.0505
  0.54 +8.0518
  0.55 +8.0533
  0.56 +8.0548
  0.57 +8.0562
  0.58 +8.0574
  0.59 +8.0583
  0.60 +8.0589
  0.61 +8.0593
  0.62 +8.0595
  0.63 +8.0597
  0.64 +8.0599
  0.65 +8.0603
  0.66 +8.0610
  0.67 +8.0619
  0.68 +8.0630
  0.69 +8.0643
  0.70 +8.0657
  0.71 +8.0670
  0.72 +8.0681
  0.73 +8.0691
  0.74 +8.0697
  0.75 +8.0702
  0.76 +8.0705
  0.77 +8.0707
  0.78 +8.0709
  0.79 +8.0713
  0.80 +8.0719
  0.81 +8.0727
  0.82 +8.0738
  0.83 +8.0750
  0.84 +8.0762
  0.85 +8.0774
  0.86 +8.0785
  0.87 +8.0794
  0.88 +8.0800
  0.89 +8.0804
  0.90 +8.0807
  0.91 +8.0809
  0.92 +8.0812
  0.93 +8.0816
  0.94 +8.0823
  0.95 +8.0831
  0.96 +8.0841
  0.97 +8.0853
  0.98 +8.0864
  0.99 +8.0874
  1.00 +8.0883
  1.01 +8.0890
  1.02 +8.0895
  1.03 +8.0899
  1.04 +8.0901
  1.05 +8.0904
  1.06 +8.0907
  1.07 +8.0913
  1.08 +8.0920
  1.09 +8.0929
  1.10 +8.0939
  1.11 +8.0950
  1.12 +8.0960
  1.13 +8.0969
  1.14 +8.0976
  1.15 +8.0982
  1.16 +8.0986
  1.17 +8.0989
  1.18 +8.0991
  1.19 +8.0995
  1.20 +8.1000
  1.21 +8.1007
  1.22 +8.1015
  1.23 +8.1024
  1.24 +8.1034
  1.25 +8.1043
  1.26 +8.1051
  1.27 +8.1058
  1.28 +8.1063
  1.29 +8.1067
  1.30 +8.1070
  1.31 +8.1074
  1.32 +8.1078
  1.33 +8.1083
  1.34 +8.1090
  1.35 +8.1098
  1.36 +8.1107
  1.37 +8.1116
  1.38 +8.1125
  1.39 +8.1133
  1.40 +8.1139
  1.41 +8.1144
  1.42 +8.1148
  1.43 +8.1151
  1.44 +8.1155
  1.45 +8.1159
  1.46 +8.1164
  1.47 +8.1171
  1.48 +8.1179
  1.49 +8.1187
  1.50 +8.1196
  1.51 +8.1203
  1.52 +8.1210
  1.53 +8.1216
  1.54 +8.1220
  1.55 +8.1224
  1.56 +8.1227
  1.57 +8.1231
  1.58 +8.1236
  1.59 +8.1242
  1.60 +8.1250
  1.61 +8.1257
  1.62 +8.1265
  1.63 +8.1273
  1.64 +8.1280
  1.65 +8.1286
  1.66 +8.1290
  1.67 +8.1294
  1.68 +8.1298
  1.69 +8.1302
  1.70 +8.1306
  1.71 +8.1312
  1.72 +8.1318
  1.73 +8.1325
  1.74 +8.1333
  1.75 +8.1340
  1.76 +8.1346
  1.77 +8.1352
  1.78 +8.1356
  1.79 +8.1360
  1.80 +8.1364
  1.81 +8.1368
  1.82 +8.1372
  1.83 +8.1378
  1.84 +8.1384
  1.85 +8.1391
  1.86 +8.1398
  1.87 +8.1405
  1.88 +8.1411
  1.89 +8.1417
  1.90 +8.1421
  1.91 +8.1426
  1.92 +8.1430
  1.93 +8.1434
  1.94 +8.1438
  1.95 +8.1444
  1.96 +8.1450
  1.97 +8.1456
  1.98 +8.1463
  1.99 +8.1470
  2.00 +8.1476
  2.01 +8.1481
  2.02 +8.1486
  2.03 +8.1490
  2.04 +8.1494
  2.05 +8.1498
  2.06 +8.1503
  2.07 +8.1508
  2.08 +8.1514
  2.09 +8.1520
  2.10 +8.1527
  2.11 +8.1533
  2.12 +8.1538
  2.13 +8.1544
  2.14 +8.1548
  2.15 +8.1552
  2.16 +8.1556
  2.17 +8.1561
  2.18 +8.1566
  2.19 +8.1571
  2.20 +8.1577
  2.21 +8.1583
  2.22 +8.1589
  2.23 +8.1595
  2.24 +8.1600
  2.25 +8.1605
  2.26 +8.1609
  2.27 +8.1614
  2.28 +8.1618
  2.29 +8.1622
  2.30 +8.1627
  2.31 +8.1632
  2.32 +8.1637
  2.33 +8.1643
  2.34 +8.1649
  2.35 +8.1654
  2.36 +8.1659
  2.37 +8.1663
  2.38 +8.1667
  2.39 +8.1671
  2.40 +8.1675
  2.41 +8.1680
  2.42 +8.1685
  2.43 +8.1690
  2.44 +8.1696
  2.45 +8.1701
  2.46 +8.1706
  2.47 +8.1711
  2.48 +8.1716
  2.49 +8.1720
  2.50 +8.1725
  2.51 +8.1729
  2.52 +8.1733
  2.53 +8.1738
  2.54 +8.1743
  2.55 +8.1749
  2.56 +8.1754
  2.57 +8.1759
  2.58 +8.1764
  2.59 +8.1769
  2.60 +8.1773
  2.61 +8.1777
  2.62 +8.1781
  2.63 +8.1786
  2.64 +8.1790
  2.65 +8.1796
  2.66 +8.1801
  2.67 +8.1806
  2.68 +8.1811
  2.69 +8.1816
  2.70 +8.1821
  2.71 +8.1826
  2.72 +8.1830
  2.73 +8.1834
  2.74 +8.1839
  2.75 +8.1843
  2.76 +8.1848
  2.77 +8.1853
  2.78 +8.1858
  2.79 +8.1863
  2.80 +8.1868
  2.81 +8.1873
  2.82 +8.1877
  2.83 +8.1881
  2.84 +8.1885
  2.85 +8.1889
  2.86 +8.1894
  2.87 +8.1899
  2.88 +8.1903
  2.89 +8.1908
  2.90 +8.1913
  2.91 +8.1917
  2.92 +8.1922
  2.93 +8.1926
  2.94 +8.1930
  2.95 +8.1934
  2.96 +8.1938
  2.97 +8.1942
  2.98 +8.1947
  2.99 +8.1951
  3.00 +8.1956
  3.01 +8.1961
  3.02 +8.1965
  3.03 +8.1969
  3.04 +8.1973
  3.05 +8.1978
  3.06 +8.1982
  3.07 +8.1986
  3.08 +8.1990
  3.09 +8.1995
  3.10 +8.1999
  3.11 +8.2004
  3.12 +8.2008
  3.13 +8.2013
  3.14 +8.2017
  3.15 +8.2021
  3.16 +8.2025
  3.17 +8.2029
  3.18 +8.2033
  3.19 +8.2038
  3.20 +8.2042
  3.21 +8.2047
  3.22 +8.2052
  3.23 +8.2056
  3.24 +8.2061
  3.25 +8.2065
  3.26 +8.2069
  3.27 +8.2074
  3.28 +8.2078
  3.29 +8.2082
  3.30 +8.2087
  3.31 +8.2091
  3.32 +8.2096
  3.33 +8.2100
  3.34 +8.2105
  3.35 +8.2109
  3.36 +8.2113
  3.37 +8.2117
  3.38 +8.2121
  3.39 +8.2125
  3.40 +8.2129
  3.41 +8.2134
  3.42 +8.2138
  3.43 +8.2142
  3.44 +8.2146
  3.45 +8.2150
  3.46 +8.2154
  3.47 +8.2158
  3.48 +8.2162
  3.49 +8.2166
  3.50 +8.2171
  3.51 +8.2175
  3.52 +8.2179
  3.53 +8.2183
  3.54 +8.2187
  3.55 +8.2191
  3.56 +8.2195
  3.57 +8.2199
  3.58 +8.2203
  3.59 +8.2206
  3.60 +8.2210
  3.61 +8.2214
  3.62 +8.2218
  3.63 +8.2222
  3.64 +8.2226
  3.65 +8.2230
  3.66 +8.2234
  3.67 +8.2238
  3.68 +8.2242
  3.69 +8.2246
  3.70 +8.2250
  3.71 +8.2254
  3.72 +8.2258
  3.73 +8.2262
  3.74 +8.2267
  3.75 +8.2271
  3.76 +8.2275
  3.77 +8.2279
  3.78 +8.2283
  3.79 +8.2287
  3.80 +8.2291
  3.81 +8.2295
  3.82 +8.2299
  3.83 +8.2303
  3.84 +8.2308
  3.85 +8.2312
  3.86 +8.2316
  3.87 +8.2320
  3.88 +8.2324
  3.89 +8.2328
  3.90 +8.2332
  3.91 +8.2336
  3.92 +8.2340
  3.93 +8.2344
  3.94 +8.2348
  3.95 +8.2352
  3.96 +8.2355
  3.97 +8.2359
  3.98 +8.2363
  3.99 +8.2367
  4.00 +8.2371
  4.01 +8.2375
  4.02 +8.2379
  4.03 +8.2382
  4.04 +8.2386
  4.05 +8.2390
  4.06 +8.2394
  4.07 +8.2398
  4.08 +8.2401
  4.09 +8.2405
  4.10 +8.2409
  4.11 +8.2412
  4.12 +8.2416
  4.13 +8.2420
  4.14 +8.2423
  4.15 +8.2427
  4.16 +8.2431
  4.17 +8.2434
  4.18 +8.2438
  4.19 +8.2442
  4.20 +8.2445
  4.21 +8.2449
  4.22 +8.2453
  4.23 +8.2456
  4.24 +8.2460
  4.25 +8.2464
  4.26 +8.2468
  4.27 +8.2472
  4.28 +8.2476
  4.29 +8.2480
  4.30 +8.2484
  4.31 +8.2487
  4.32 +8.2491
  4.33 +8.2495
  4.34 +8.2499
  4.35 +8.2503
  4.36 +8.2507
  4.37 +8.2510
  4.38 +8.2514
  4.39 +8.2518
  4.40 +8.2522
  4.41 +8.2526
  4.42 +8.2529
  4.43 +8.2533
  4.44 +8.2537
  4.45 +8.2541
  4.46 +8.2544
  4.47 +8.2548
  4.48 +8.2552
  4.49 +8.2555
  4.50 +8.2559
  4.51 +8.2563
  4.52 +8.2567
  4.53 +8.2570
  4.54 +8.2574
  4.55 +8.2578
  4.56 +8.2581
  4.57 +8.2585
  4.58 +8.2588
  4.59 +8.2592
  4.60 +8.2595
  4.61 +8.2599
  4.62 +8.2602
  4.63 +8.2606
  4.64 +8.2609
  4.65 +8.2612
  4.66 +8.2616
  4.67 +8.2619
  4.68 +8.2623
  4.69 +8.2626
  4.70 +8.2630
  4.71 +8.2633
  4.72 +8.2637
  4.73 +8.2640
  4.74 +8.2644
  4.75 +8.2648
  4.76 +8.2651
  4.77 +8.2655
  4.78 +8.2658
  4.79 +8.2662
  4.80 +8.2666
  4.81 +8.2669
  4.82 +8.2673
  4.83 +8.2677
  4.84 +8.2680
  4.85 +8.2684
  4.86 +8.2687
  4.87 +8.2691
  4.88 +8.2695
  4.89 +8.2698
  4.90 +8.2702
  4.91 +8.2705
  4.92 +8.2709
  4.93 +8.2713
  4.94 +8.2716
  4.95 +8.2720
  4.96 +8.2724
  4.97 +8.2727
  4.98 +8.2731
  4.99 +8.2734
  5.00 +8.2738
